30
GCF_000005845.2 0.000000  0.754221  0.696052  0.765217  0.838315  0.691081  1.055027  0.989201  1.031212  1.055940  0.765646  0.742614  0.774760  0.796183  0.773466  0.777351  0.772850  1.021283  1.031433  1.040715  1.040580  1.025242  1.015361  0.764954  1.032350  1.034947  1.053866  1.034121  1.055164  1.044089
GCF_000008865.2 0.754221  0.000000  0.735548  0.777719  0.837052  0.742747  1.051919  0.960982  1.013808  1.054040  0.743531  0.725119  0.753691  0.774112  0.753285  0.750759  0.753390  1.013836  1.014240  1.026487  1.026609  1.009424  1.000459  0.746047  1.014064  1.020468  1.032317  1.020226  1.040216  1.033403
GCF_000010385.1 0.696052  0.735548  0.000000  0.761143  0.832397  0.705593  1.051870  0.972973  1.025023  1.054228  0.736790  0.710508  0.745842  0.766786  0.747492  0.747771  0.744967  1.012444  1.025889  1.033711  1.033726  1.014116  1.006263  0.737902  1.025943  1.026770  1.048881  1.026982  1.048220  1.040804
GCF_000013265.1 0.765217  0.777719  0.761143  0.000000  0.824923  0.755225  1.044240  0.988466  1.031440  1.051486  0.791585  0.772543  0.800518  0.815791  0.801175  0.801727  0.799538  1.012048  1.031949  1.034506  1.034449  1.017766  1.013358  0.791476  1.030305  1.032416  1.044340  1.032286  1.044880  1.038760
GCF_000019645.1 0.838315  0.837052  0.832397  0.824923  0.000000  0.826372  0.966022  0.978771  0.989349  0.968464  0.862183  0.838964  0.867031  0.884504  0.868157  0.870385  0.867629  1.001447  0.991756  0.983944  0.983933  1.001997  1.009753  0.862591  0.991596  0.989171  0.973133  0.991117  0.974343  0.980751
GCF_000210475.1 0.691081  0.742747  0.705593  0.755225  0.826372  0.000000  1.047812  0.978320  1.024151  1.050248  0.748287  0.725574  0.757265  0.777368  0.760201  0.759626  0.752864  1.009663  1.025194  1.031196  1.031293  1.014089  1.005593  0.745288  1.024974  1.025432  1.045775  1.025970  1.047176  1.038046
GCF_002853715.1 1.055027  1.051919  1.051870  1.044240  0.966022  1.047812  0.000000  0.814933  0.787865  0.713125  1.024020  1.040592  1.020260  1.012159  1.017866  1.016295  1.020333  0.799148  0.787408  0.777707  0.774120  0.791237  0.800851  1.023053  0.787273  0.784500  0.768508  0.785119  0.767872  0.790496
GCF_003018035.1 0.989201  0.960982  0.972973  0.988466  0.978771  0.978320  0.814933  0.000000  0.667388  0.810014  0.971886  0.938180  0.968664  0.954754  0.968893  0.961406  0.978128  0.779514  0.667569  0.681173  0.681186  0.702275  0.691113  0.978196  0.667037  0.672433  0.687831  0.671893  0.718749  0.796244
GCF_003018455.1 1.031212  1.013808  1.025023  1.031440  0.989349  1.024151  0.787865  0.667388  0.000000  0.801975  0.966506  0.997163  0.967072  0.964678  0.968588  0.967924  0.968488  0.789054  0.616911  0.658807  0.659600  0.678234  0.661745  0.969011  0.617103  0.639580  0.653062  0.639603  0.704093  0.777131
GCF_003697165.2 1.055940  1.054040  1.054228  1.051486  0.968464  1.050248  0.713125  0.810014  0.801975  0.000000  1.026496  1.041278  1.021824  1.013982  1.020453  1.023279  1.024778  0.809864  0.800896  0.786710  0.790022  0.801181  0.810143  1.031339  0.803275  0.792979  0.782874  0.792536  0.780645  0.798778
GCF_024300685.1 0.765646  0.743531  0.736790  0.791585  0.862183  0.748287  1.024020  0.971886  0.966506  1.026496  0.000000  0.684225  0.662535  0.691224  0.663422  0.661351  0.650850  0.984286  0.965767  0.981866  0.981893  0.958954  0.947754  0.634093  0.966262  0.973091  0.991903  0.972747  1.001208  1.007752
GCF_027925745.1 0.742614  0.725119  0.710508  0.772543  0.838964  0.725574  1.040592  0.938180  0.997163  1.041278  0.684225  0.000000  0.673361  0.699966  0.677022  0.677939  0.675739  1.022915  1.018876  1.030750  1.030807  1.007359  0.994940  0.662246  1.019125  1.019570  1.047554  1.019551  1.047518  1.049104
GCF_027925765.1 0.774760  0.753691  0.745842  0.800518  0.867031  0.757265  1.020260  0.968664  0.967072  1.021824  0.662535  0.673361  0.000000  0.658454  0.633780  0.630877  0.632302  0.991476  0.973411  0.983440  0.983479  0.961839  0.954829  0.614905  0.973404  0.975313  1.001817  0.974741  1.009464  1.011595
GCF_027925785.1 0.796183  0.774112  0.766786  0.815791  0.884504  0.777368  1.012159  0.954754  0.964678  1.013982  0.691224  0.699966  0.658454  0.000000  0.660635  0.658125  0.654530  0.969361  0.955292  0.953537  0.953477  0.936926  0.933677  0.642939  0.955063  0.949708  0.981330  0.949458  0.982639  0.991135
GCF_027925805.1 0.773466  0.753285  0.747492  0.801175  0.868157  0.760201  1.017866  0.968893  0.968588  1.020453  0.663422  0.677022  0.633780  0.660635  0.000000  0.635340  0.642849  0.991253  0.976862  0.984463  0.984088  0.960115  0.953500  0.620811  0.977067  0.980448  1.001672  0.979849  1.006146  1.016025
GCF_027925825.1 0.777351  0.750759  0.747771  0.801727  0.870385  0.759626  1.016295  0.961406  0.967924  1.023279  0.661351  0.677939  0.630877  0.658125  0.635340  0.000000  0.636253  0.989424  0.973832  0.982611  0.983614  0.966424  0.955320  0.616913  0.973660  0.980302  0.995428  0.979073  1.005352  1.012803
GCF_040571355.1 0.772850  0.753390  0.744967  0.799538  0.867629  0.752864  1.020333  0.978128  0.968488  1.024778  0.650850  0.675739  0.632302  0.654530  0.642849  0.636253  0.000000  0.983192  0.972326  0.980327  0.980324  0.962343  0.953473  0.644718  0.974213  0.974637  1.000811  0.974038  1.003910  1.009735
GCF_044324875.1 1.021283  1.013836  1.012444  1.012048  1.001447  1.009663  0.799148  0.779514  0.789054  0.809864  0.984286  1.022915  0.991476  0.969361  0.991253  0.989424  0.983192  0.000000  0.791388  0.793533  0.794025  0.784874  0.776209  0.986933  0.790315  0.782287  0.801077  0.781748  0.806980  0.807818
GCF_048568945.1 1.031433  1.014240  1.025889  1.031949  0.991756  1.025194  0.787408  0.667569  0.616911  0.800896  0.965767  1.018876  0.973411  0.955292  0.976862  0.973832  0.972326  0.791388  0.000000  0.660763  0.660721  0.680624  0.663014  0.972584  0.618205  0.640826  0.654632  0.641183  0.705745  0.778898
GCF_048568955.1 1.040715  1.026487  1.033711  1.034506  0.983944  1.031196  0.777707  0.681173  0.658807  0.786710  0.981866  1.030750  0.983440  0.953537  0.984463  0.982611  0.980327  0.793533  0.660763  0.000000  0.617487  0.665020  0.677484  0.977630  0.660251  0.648280  0.660201  0.647836  0.693213  0.777827
GCF_048568965.1 1.040580  1.026609  1.033726  1.034449  0.983933  1.031293  0.774120  0.681186  0.659600  0.790022  0.981893  1.030807  0.983479  0.953477  0.984088  0.983614  0.980324  0.794025  0.660721  0.617487  0.000000  0.665053  0.677503  0.977618  0.660091  0.648343  0.660165  0.648065  0.693239  0.777027
GCF_048568975.1 1.025242  1.009424  1.014116  1.017766  1.001997  1.014089  0.791237  0.702275  0.678234  0.801181  0.958954  1.007359  0.961839  0.936926  0.960115  0.966424  0.962343  0.784874  0.680624  0.665020  0.665053  0.000000  0.647974  0.959689  0.680814  0.670972  0.686842  0.670979  0.713695  0.796063
GCF_048571315.1 1.015361  1.000459  1.006263  1.013358  1.009753  1.005593  0.800851  0.691113  0.661745  0.810143  0.947754  0.994940  0.954829  0.933677  0.953500  0.955320  0.953473  0.776209  0.663014  0.677484  0.677503  0.647974  0.000000  0.946678  0.663260  0.652311  0.683953  0.652125  0.723275  0.807782
GCF_048571525.1 0.764954  0.746047  0.737902  0.791476  0.862591  0.745288  1.023053  0.978196  0.969011  1.031339  0.634093  0.662246  0.614905  0.642939  0.620811  0.616913  0.644718  0.986933  0.972584  0.977630  0.977618  0.959689  0.946678  0.000000  0.976430  0.974023  1.001033  0.975152  1.006256  1.014230
GCF_048571565.1 1.032350  1.014064  1.025943  1.030305  0.991596  1.024974  0.787273  0.667037  0.617103  0.803275  0.966262  1.019125  0.973404  0.955063  0.977067  0.973660  0.974213  0.790315  0.618205  0.660251  0.660091  0.680814  0.663260  0.976430  0.000000  0.641815  0.655486  0.641217  0.706130  0.779044
GCF_048571605.1 1.034947  1.020468  1.026770  1.032416  0.989171  1.025432  0.784500  0.672433  0.639580  0.792979  0.973091  1.019570  0.975313  0.949708  0.980448  0.980302  0.974637  0.782287  0.640826  0.648280  0.648343  0.670972  0.652311  0.974023  0.641815  0.000000  0.664452  0.619546  0.704665  0.783857
GCF_048571645.1 1.053866  1.032317  1.048881  1.044340  0.973133  1.045775  0.768508  0.687831  0.653062  0.782874  0.991903  1.047554  1.001817  0.981330  1.001672  0.995428  1.000811  0.801077  0.654632  0.660201  0.660165  0.686842  0.683953  1.001033  0.655486  0.664452  0.000000  0.665008  0.676278  0.763190
GCF_048571815.1 1.034121  1.020226  1.026982  1.032286  0.991117  1.025970  0.785119  0.671893  0.639603  0.792536  0.972747  1.019551  0.974741  0.949458  0.979849  0.979073  0.974038  0.781748  0.641183  0.647836  0.648065  0.670979  0.652125  0.975152  0.641217  0.619546  0.665008  0.000000  0.703589  0.783139
GCF_051012485.1 1.055164  1.040216  1.048220  1.044880  0.974343  1.047176  0.767872  0.718749  0.704093  0.780645  1.001208  1.047518  1.009464  0.982639  1.006146  1.005352  1.003910  0.806980  0.705745  0.693213  0.693239  0.713695  0.723275  1.006256  0.706130  0.704665  0.676278  0.703589  0.000000  0.771188
GCF_053078305.1 1.044089  1.033403  1.040804  1.038760  0.980751  1.038046  0.790496  0.796244  0.777131  0.798778  1.007752  1.049104  1.011595  0.991135  1.016025  1.012803  1.009735  0.807818  0.778898  0.777827  0.777027  0.796063  0.807782  1.014230  0.779044  0.783857  0.763190  0.783139  0.771188  0.000000
