59
Y18475.1_Orycteropus_afer_complete_mitochondrial_genome 0.000000 0.954474 0.957130 0.952296 0.958119 0.962598 0.951848 0.963632 0.963718 0.956206 0.954606 0.960335 0.959511 0.953348 0.960134 0.958567 0.959316 0.954525 0.954087 0.958791 0.957447 0.955207 0.961030 0.959239 0.955431 0.956201 0.960358 0.961030 0.954311 0.957699 0.957895 0.952434 0.954092 0.961994 0.963718 0.956445 0.954636 0.954759 0.956704 0.954087 0.963893 0.961650 0.961648 0.949834 0.951400 0.952072 0.959438 0.957895 0.954311 0.959239 0.957223 0.963270 0.959143 0.958625 0.958343 0.963479 0.959462 0.956775 0.958567
AJ224821.1_Loxodonta_africana_complete_mitochondrial_genomic_sequence 0.956483 0.000000 0.960240 0.962285 0.959607 0.966079 0.961839 0.967600 0.965633 0.960167 0.962508 0.965183 0.964182 0.958268 0.964963 0.962285 0.963428 0.964111 0.962732 0.964294 0.962955 0.960277 0.964740 0.963624 0.959384 0.961616 0.967418 0.967641 0.959161 0.962508 0.960946 0.959161 0.958084 0.968087 0.967864 0.961088 0.961053 0.964517 0.965319 0.960277 0.970718 0.963880 0.968661 0.956715 0.958715 0.959830 0.961221 0.961169 0.958268 0.965186 0.962062 0.970319 0.965633 0.964974 0.967418 0.967906 0.967418 0.962285 0.964294
Y19184.1_Lama_pacos_complete_mitochondrial_genome 0.960906 0.964016 0.000000 0.954465 0.959351 0.967792 0.954687 0.969583 0.962905 0.964349 0.958685 0.961657 0.964460 0.963127 0.967348 0.962461 0.966241 0.956686 0.955575 0.958907 0.964460 0.955131 0.961573 0.953576 0.955353 0.959796 0.965349 0.963572 0.957574 0.959574 0.962905 0.961128 0.960745 0.971790 0.972457 0.964404 0.962824 0.963794 0.961564 0.955131 0.970718 0.963794 0.968223 0.960710 0.954909 0.962239 0.961795 0.965571 0.960906 0.954687 0.960462 0.965127 0.965349 0.963660 0.964682 0.973440 0.962683 0.957352 0.963794
X97337.1_Equus_asinus_complete_mitochondrial_genome 0.956999 0.964963 0.955353 0.000000 0.956970 0.964590 0.951367 0.963632 0.956074 0.958407 0.958408 0.957911 0.963737 0.956250 0.971313 0.961004 0.963211 0.957200 0.951143 0.953608 0.961452 0.941506 0.957866 0.955177 0.900941 0.956201 0.963469 0.956298 0.960108 0.951432 0.962573 0.960250 0.956975 0.973172 0.973330 0.959540 0.957955 0.953832 0.957367 0.950695 0.971158 0.959643 0.962525 0.957603 0.949350 0.956298 0.958547 0.968624 0.955177 0.952936 0.953608 0.958763 0.959812 0.960814 0.958763 0.974325 0.956298 0.942851 0.959659
AJ428576.2_Odobenus_rosmarus_rosmarus_complete_mitochondrial_genome 0.962150 0.961839 0.958463 0.954729 0.000000 0.968603 0.958062 0.968481 0.965687 0.963028 0.956172 0.959013 0.965962 0.961161 0.969051 0.962996 0.966025 0.959429 0.960529 0.944831 0.964790 0.957165 0.962789 0.961875 0.957614 0.962682 0.968827 0.963220 0.962789 0.958818 0.963220 0.960250 0.958749 0.975632 0.971518 0.962635 0.960389 0.965015 0.964877 0.958959 0.972919 0.956522 0.965374 0.961820 0.957614 0.959856 0.964787 0.968379 0.957390 0.961202 0.942812 0.965463 0.964501 0.963222 0.965463 0.976096 0.964118 0.958735 0.964118
AJ303116.1_Tachyglossus_aculeatus_complete_mitochondrial_genome 0.965957 0.967641 0.967348 0.963693 0.967257 0.000000 0.962277 0.965175 0.965610 0.959287 0.970259 0.968048 0.967297 0.966741 0.972442 0.964536 0.967107 0.966563 0.966117 0.969466 0.967924 0.963587 0.967048 0.969054 0.966674 0.966480 0.967698 0.965850 0.967496 0.968890 0.969234 0.965163 0.965624 0.971384 0.970085 0.964625 0.962824 0.965213 0.966203 0.967698 0.946279 0.970123 0.969318 0.965594 0.964021 0.966117 0.968130 0.968376 0.962729 0.964762 0.966569 0.966117 0.967627 0.969571 0.966795 0.975432 0.964762 0.968076 0.965541
V00654.1_Bos_taurus_complete_mitochondrial_genome 0.955655 0.961616 0.952243 0.948902 0.956044 0.960696 0.000000 0.962530 0.958642 0.955986 0.955277 0.955267 0.958843 0.959821 0.960780 0.955274 0.961264 0.952073 0.948608 0.953076 0.956758 0.948977 0.959426 0.953189 0.951137 0.953073 0.959527 0.957987 0.955167 0.955909 0.959129 0.956900 0.953426 0.967583 0.966937 0.956224 0.954415 0.956799 0.955821 0.947225 0.966755 0.960312 0.961210 0.954939 0.930740 0.955716 0.957433 0.962256 0.953388 0.950544 0.953157 0.960464 0.961822 0.954685 0.956116 0.969677 0.956551 0.953912 0.955856
AF357238.1_Trichosurus_vulpecula_mitochondrion,_complete_genome 0.960106 0.963632 0.963632 0.957902 0.963632 0.961649 0.959885 0.000000 0.960987 0.937720 0.963632 0.958352 0.961869 0.964514 0.966939 0.959885 0.965159 0.958563 0.958783 0.960767 0.961208 0.957681 0.960326 0.963412 0.959445 0.959004 0.960767 0.959004 0.959004 0.960767 0.965175 0.961649 0.957681 0.951951 0.949306 0.959445 0.959885 0.958343 0.961428 0.956800 0.964113 0.966718 0.965155 0.959004 0.959665 0.960106 0.960987 0.968922 0.957240 0.960987 0.960106 0.963632 0.966498 0.959720 0.956138 0.973992 0.961869 0.960106 0.962310
X99256.1_Hylobates_lar_complete_mitochondrial_DNA_sequence 0.969317 0.970096 0.965349 0.957418 0.965912 0.969881 0.961564 0.967820 0.000000 0.965449 0.969365 0.967166 0.968632 0.964732 0.983592 0.968307 0.974681 0.968569 0.959991 0.965873 0.973477 0.960665 0.947321 0.959092 0.956170 0.966927 0.973927 0.935295 0.969738 0.963742 0.973501 0.970746 0.966511 0.983456 0.982468 0.962635 0.963045 0.968757 0.962668 0.960441 0.977323 0.970123 0.971072 0.967148 0.962239 0.969431 0.965456 0.977748 0.964037 0.960441 0.963812 0.938638 0.962715 0.972636 0.965161 0.982514 0.936840 0.956844 0.961564
Y10524.1_Macropus_robustus_complete_mitochondrial_genome 0.958407 0.960827 0.963028 0.955766 0.961048 0.959947 0.957526 0.941021 0.961048 0.000000 0.959507 0.961488 0.961928 0.962588 0.968530 0.957967 0.965808 0.959947 0.957967 0.959067 0.959507 0.956866 0.959507 0.962148 0.958187 0.959507 0.961708 0.958847 0.960167 0.960827 0.963248 0.958407 0.958847 0.953565 0.953785 0.960827 0.959067 0.957526 0.960167 0.957746 0.961488 0.962808 0.964278 0.958187 0.956426 0.956646 0.962148 0.965229 0.957746 0.961048 0.960387 0.960827 0.965229 0.963004 0.959947 0.972711 0.959727 0.960827 0.959507
U96639.2_Canis_familiaris_mitochondrion,_complete_genome 0.956395 0.963624 0.956020 0.954830 0.955054 0.968023 0.956172 0.966718 0.964445 0.960167 0.000000 0.955046 0.963293 0.965402 0.963775 0.960644 0.963211 0.955863 0.957066 0.954159 0.963327 0.957290 0.961538 0.963104 0.953265 0.956201 0.962657 0.960644 0.957513 0.961762 0.959750 0.960697 0.963628 0.967360 0.970707 0.959761 0.959726 0.960197 0.961122 0.953936 0.968736 0.956745 0.964497 0.959600 0.953488 0.961762 0.960107 0.963327 0.960197 0.962657 0.954830 0.965564 0.966734 0.959939 0.963551 0.972112 0.962433 0.957961 0.962209
U20753.1_Felis_catus_mitochondrion,_complete_genome 0.962539 0.962979 0.957911 0.954385 0.955487 0.967387 0.954165 0.961877 0.963640 0.961048 0.954385 0.000000 0.965183 0.963861 0.966725 0.960776 0.965375 0.958352 0.958131 0.952843 0.963861 0.953063 0.962318 0.959233 0.955267 0.955928 0.965403 0.963420 0.959233 0.959454 0.961877 0.959233 0.963861 0.974438 0.970692 0.961216 0.960996 0.960996 0.960776 0.955046 0.969177 0.957030 0.968004 0.962318 0.955707 0.963420 0.964301 0.967387 0.958572 0.958792 0.952402 0.965844 0.963640 0.963441 0.959454 0.973116 0.962539 0.954826 0.962979
AJ222767.1_Cavia_porcellus_complete_mitochondrial_genome 0.962625 0.967519 0.965127 0.963070 0.965962 0.969077 0.962625 0.969363 0.967964 0.963908 0.965962 0.968488 0.000000 0.968632 0.968187 0.962848 0.965375 0.963737 0.961958 0.969967 0.961513 0.966630 0.966852 0.970412 0.965740 0.962625 0.965072 0.967297 0.962403 0.969967 0.966630 0.965295 0.965846 0.967742 0.968632 0.962857 0.961496 0.964182 0.964436 0.964182 0.969617 0.970189 0.966469 0.964706 0.960400 0.959511 0.965072 0.968854 0.964405 0.966185 0.967742 0.971969 0.967964 0.967382 0.967075 0.972554 0.966407 0.969077 0.964405
AJ421723.1_Dugong_dugon_complete_mitochondrial_genome 0.959152 0.959607 0.963350 0.957143 0.962277 0.968527 0.960938 0.972008 0.964063 0.964789 0.966964 0.967166 0.968409 0.000000 0.976339 0.965848 0.964943 0.965448 0.964509 0.962500 0.967857 0.959598 0.963393 0.964509 0.960714 0.964063 0.968973 0.964955 0.965179 0.959598 0.966741 0.961607 0.964072 0.978795 0.976786 0.961751 0.959283 0.964063 0.960680 0.960045 0.974681 0.964326 0.965155 0.960488 0.958705 0.961830 0.962559 0.965179 0.964063 0.962500 0.964732 0.964732 0.960938 0.969571 0.966518 0.975432 0.964955 0.961384 0.966964
AF348079.1_Echinosorex_gymnura_mitochondrion,_complete_genome 0.955207 0.958268 0.958685 0.961228 0.962099 0.965891 0.954205 0.962089 0.971904 0.960387 0.957737 0.960555 0.958843 0.968750 0.000000 0.959340 0.961480 0.955417 0.958569 0.962057 0.957211 0.962014 0.967048 0.968340 0.963972 0.953743 0.957833 0.967423 0.953374 0.965309 0.958680 0.954667 0.963407 0.957299 0.956815 0.960646 0.961275 0.960326 0.963773 0.956059 0.964113 0.968339 0.965593 0.954717 0.955026 0.957976 0.963896 0.952845 0.962367 0.968034 0.963114 0.972342 0.970306 0.953590 0.963274 0.955511 0.967640 0.962680 0.962162
AJ238588.1_Sciurus_vulgaris_complete_mitochondrial_genome 0.957223 0.956706 0.957797 0.953608 0.955820 0.959115 0.951886 0.958563 0.960890 0.953565 0.953936 0.957911 0.955061 0.960045 0.960470 0.000000 0.956070 0.957869 0.952338 0.958464 0.955274 0.951675 0.958305 0.957307 0.953839 0.951955 0.953467 0.957987 0.950684 0.957028 0.956434 0.954444 0.954757 0.957970 0.957490 0.956224 0.954193 0.953467 0.957809 0.954371 0.959269 0.961427 0.956388 0.950943 0.952327 0.953467 0.954758 0.958889 0.955049 0.957759 0.957082 0.962503 0.960929 0.955123 0.957759 0.959717 0.955952 0.958858 0.953153
AJ421471.1_Lepus_europaeus_complete_mitochondrial_genome 0.960831 0.965159 0.963211 0.962562 0.963428 0.964726 0.962129 0.970786 0.971218 0.964943 0.962995 0.962779 0.964510 0.963428 0.968405 0.959965 0.000000 0.963428 0.964293 0.967107 0.964510 0.963861 0.967107 0.968838 0.963861 0.957152 0.966890 0.967756 0.961913 0.965808 0.963644 0.965375 0.966674 0.973382 0.970136 0.962779 0.960615 0.962779 0.959100 0.960615 0.969704 0.965808 0.943086 0.959316 0.959965 0.964510 0.964293 0.965375 0.962995 0.966025 0.964943 0.970569 0.968189 0.966025 0.969704 0.970569 0.965375 0.964293 0.966241
Y19192.1_Talpa_europaea_complete_mitochondrial_genome 0.959206 0.966340 0.954465 0.956977 0.959429 0.968123 0.952519 0.964073 0.965894 0.961928 0.958984 0.960555 0.963070 0.965448 0.963442 0.964779 0.964943 0.000000 0.957869 0.958315 0.963219 0.954748 0.963665 0.963888 0.956086 0.963665 0.962773 0.968346 0.954971 0.953856 0.965225 0.957423 0.960302 0.968123 0.969461 0.959098 0.957291 0.959875 0.963552 0.954525 0.970057 0.962996 0.966689 0.960710 0.956531 0.960544 0.964564 0.964333 0.953856 0.964779 0.960098 0.967008 0.965448 0.959282 0.964556 0.971226 0.964333 0.958315 0.959652
X61145.1_Balaenoptera_physalus_mitochondrial_complete_genome 0.954983 0.963624 0.952243 0.947333 0.956941 0.963858 0.947476 0.962530 0.956619 0.957967 0.956172 0.957911 0.958621 0.960491 0.967625 0.955726 0.963644 0.956309 0.000000 0.955321 0.959701 0.950101 0.956064 0.952736 0.950462 0.955307 0.961965 0.957538 0.954270 0.957475 0.961150 0.957347 0.958306 0.971384 0.966937 0.956887 0.955079 0.958569 0.956262 0.949513 0.968076 0.958751 0.964059 0.956937 0.949179 0.954587 0.957878 0.964682 0.953136 0.934797 0.954062 0.957664 0.958919 0.960595 0.958343 0.971448 0.955646 0.952338 0.958559
X72004.1_Halichoerus_grypus_complete_mitochondrial_genome 0.959015 0.962285 0.953798 0.949574 0.941467 0.965200 0.951280 0.962971 0.960260 0.956426 0.952370 0.950859 0.965072 0.958482 0.968119 0.960934 0.965592 0.955417 0.955321 0.000000 0.962730 0.951504 0.957857 0.957117 0.951953 0.959330 0.962955 0.960934 0.960771 0.955685 0.962955 0.959580 0.956310 0.975855 0.972160 0.958214 0.956849 0.957791 0.957809 0.949933 0.972259 0.951616 0.962963 0.963596 0.952178 0.956668 0.960998 0.967670 0.956668 0.955770 0.940503 0.961159 0.961599 0.964098 0.958913 0.976760 0.958464 0.954198 0.962955
AJ301644.1_Thryonomys_swinderianus_complete_mitochondrial_genome 0.954983 0.958268 0.956908 0.953832 0.958287 0.962051 0.952456 0.959445 0.964037 0.954005 0.958408 0.960776 0.956618 0.959598 0.958569 0.955726 0.958234 0.954302 0.955400 0.960036 0.000000 0.956844 0.960323 0.963365 0.955641 0.955531 0.951777 0.961806 0.953822 0.958371 0.956883 0.955784 0.957197 0.957523 0.960864 0.957992 0.956185 0.951551 0.961564 0.954041 0.964553 0.962988 0.957922 0.952497 0.949179 0.954361 0.958547 0.958116 0.952909 0.958796 0.956778 0.964456 0.962045 0.959720 0.960154 0.961266 0.959719 0.960432 0.954955
X97336.1_Rhinoceros_unicornis_complete_mitochondrial_genome 0.955207 0.957599 0.951355 0.936351 0.952904 0.959541 0.946505 0.959224 0.953922 0.955326 0.955725 0.951300 0.961290 0.953571 0.965161 0.953922 0.959965 0.949175 0.948528 0.951504 0.957968 0.000000 0.954046 0.949652 0.938188 0.954637 0.958867 0.951472 0.955615 0.948970 0.956434 0.953551 0.951652 0.966242 0.964936 0.951139 0.949546 0.953248 0.953170 0.946730 0.966314 0.953400 0.959237 0.954717 0.944482 0.951450 0.954981 0.963812 0.951225 0.948303 0.949876 0.951000 0.953784 0.957093 0.953697 0.970562 0.949876 0.922904 0.952798
Y18001.1_Papio_hamadryas_mitochondrial_DNA,_complete_genome 0.967301 0.968757 0.963127 0.957418 0.965030 0.969065 0.962116 0.967159 0.947097 0.965229 0.965340 0.967166 0.966185 0.965179 0.976687 0.966824 0.971002 0.963665 0.960099 0.964358 0.968617 0.960547 0.000000 0.962116 0.957409 0.962235 0.968617 0.946873 0.964134 0.962399 0.973773 0.966503 0.963185 0.976749 0.974669 0.964183 0.963709 0.965254 0.961122 0.958529 0.973360 0.967001 0.967784 0.965150 0.962116 0.964806 0.963227 0.974221 0.963237 0.956736 0.965254 0.947994 0.960929 0.968257 0.964358 0.981186 0.945976 0.958529 0.957633
AJ010957.1_Hippopotamus_amphibius_complete_mitochondrial_DNA_sequence 0.958791 0.962062 0.948912 0.950695 0.958735 0.966343 0.950475 0.965616 0.952798 0.961488 0.960868 0.958131 0.965295 0.961161 0.973994 0.960470 0.967323 0.959429 0.952510 0.955995 0.966983 0.950551 0.956512 0.000000 0.948210 0.958212 0.964270 0.957538 0.961219 0.958818 0.967213 0.962260 0.960302 0.978091 0.976608 0.956224 0.956628 0.957938 0.955379 0.947987 0.974020 0.960535 0.968442 0.961598 0.949629 0.962268 0.961444 0.971958 0.956807 0.950023 0.954093 0.957711 0.962268 0.964317 0.959747 0.975210 0.956355 0.947617 0.964414
X79547.1_Equus_caballus_mitochondrial_DNA_complete_sequence 0.957671 0.960723 0.955353 0.898924 0.957838 0.965323 0.950011 0.964734 0.953697 0.957967 0.955054 0.956589 0.963515 0.958929 0.970502 0.958343 0.963211 0.954748 0.951587 0.954198 0.962171 0.940886 0.953374 0.950687 0.000000 0.956872 0.964873 0.955066 0.958978 0.950313 0.960476 0.959134 0.957197 0.974961 0.973009 0.954455 0.955742 0.954290 0.956483 0.949561 0.970277 0.958974 0.962306 0.957381 0.951203 0.957667 0.958547 0.968476 0.955641 0.953839 0.953614 0.955415 0.957803 0.959501 0.958343 0.972333 0.952939 0.939523 0.960820
AF348159.1_Cephalopachus_bancanus_mitochondrion,_complete_genome 0.954860 0.960054 0.955575 0.951285 0.958659 0.963575 0.951955 0.960767 0.960894 0.958407 0.954637 0.956368 0.958176 0.960491 0.961117 0.955307 0.956287 0.958761 0.953966 0.959330 0.957542 0.954413 0.957765 0.958436 0.952402 0.000000 0.955978 0.958659 0.952626 0.960670 0.957542 0.956454 0.957640 0.965587 0.965363 0.955560 0.955964 0.954860 0.954274 0.953296 0.966975 0.960312 0.958799 0.951387 0.952179 0.958212 0.955204 0.960000 0.955978 0.959106 0.956425 0.962905 0.957580 0.954685 0.957542 0.967463 0.959330 0.957095 0.955978
J01420.1_Mouse_mitochondrion,_complete_genome 0.955655 0.961169 0.957797 0.953608 0.960754 0.962277 0.952933 0.957461 0.961564 0.954225 0.955501 0.960115 0.955729 0.959152 0.957606 0.950079 0.960615 0.952073 0.954494 0.958689 0.951551 0.954821 0.959650 0.958616 0.955866 0.950615 0.000000 0.959335 0.956736 0.957252 0.959578 0.955784 0.955866 0.956852 0.958390 0.950475 0.950210 0.938156 0.956483 0.953114 0.964113 0.959197 0.960552 0.954273 0.952552 0.954587 0.959884 0.959244 0.953054 0.959392 0.958135 0.962963 0.963385 0.952496 0.946241 0.963258 0.958135 0.955036 0.956532
X93334.1_Homo_sapiens_mitochondrial_DNA,_complete_genome 0.962374 0.966748 0.960240 0.952488 0.961426 0.966300 0.956639 0.963632 0.929454 0.960167 0.962209 0.963200 0.965517 0.961607 0.974388 0.962480 0.968838 0.965894 0.957538 0.962506 0.965850 0.953044 0.943062 0.958436 0.953044 0.959777 0.966524 0.000000 0.961219 0.962399 0.968561 0.963600 0.962519 0.977420 0.974837 0.961972 0.961275 0.961357 0.955821 0.959335 0.969617 0.965217 0.966469 0.960710 0.958212 0.964278 0.960553 0.972590 0.963154 0.958886 0.962031 0.927432 0.957357 0.966725 0.964278 0.978752 0.910582 0.954617 0.953718
AF061340.1_Artibeus_jamaicensis_mitochondrial_DNA,_complete_genome 0.956775 0.961393 0.955131 0.955401 0.961892 0.967272 0.955839 0.963632 0.965479 0.961048 0.958184 0.960335 0.961068 0.961607 0.960995 0.956512 0.961697 0.953188 0.955391 0.962789 0.959426 0.956736 0.963013 0.963237 0.957633 0.954413 0.964134 0.961668 0.000000 0.957252 0.959650 0.950871 0.960745 0.965348 0.963013 0.960424 0.959726 0.958081 0.962227 0.953150 0.964993 0.961873 0.964059 0.956715 0.955167 0.960995 0.963673 0.962564 0.958529 0.961892 0.963013 0.967720 0.966064 0.959720 0.965030 0.964586 0.961219 0.958305 0.958305
AF321050.1_Pteropus_scapulatus_mitochondrial_DNA,_complete_genome 0.961504 0.965633 0.962017 0.951656 0.961728 0.971352 0.959266 0.968481 0.961952 0.962588 0.964669 0.962098 0.971301 0.960268 0.974261 0.965309 0.970569 0.956086 0.960385 0.961280 0.966204 0.954566 0.961504 0.962399 0.952328 0.965363 0.967323 0.964861 0.959937 0.000000 0.965756 0.953774 0.960967 0.976302 0.973590 0.960424 0.959947 0.963518 0.961122 0.955685 0.974020 0.965440 0.969538 0.961820 0.955461 0.960609 0.964787 0.970904 0.957699 0.959714 0.960609 0.965085 0.961152 0.966068 0.961952 0.975432 0.961728 0.957252 0.967771
AJ421454.1_Manis_tetradactyla_complete_mitochondrial_genome 0.959910 0.958938 0.957797 0.959659 0.959632 0.965417 0.955760 0.967159 0.968561 0.961928 0.958408 0.959674 0.964850 0.963170 0.962722 0.958680 0.962995 0.960990 0.959129 0.962057 0.958230 0.958006 0.968169 0.964967 0.958680 0.957989 0.964967 0.967213 0.957409 0.962175 0.000000 0.957570 0.962298 0.965124 0.969683 0.963741 0.960611 0.960701 0.961122 0.959129 0.969177 0.961650 0.964059 0.959822 0.954188 0.958006 0.962781 0.963395 0.958455 0.961823 0.961150 0.968111 0.966064 0.959939 0.967213 0.961709 0.964518 0.961823 0.961374
AF321051.1_Chalinolobus_tuberculatus_mitochondrial_DNA,_complete_genome 0.953551 0.960277 0.959351 0.956454 0.957570 0.964716 0.956007 0.962530 0.964940 0.955986 0.960920 0.960555 0.960845 0.959598 0.959357 0.957570 0.962779 0.954748 0.956454 0.960920 0.959357 0.954667 0.961143 0.962260 0.958464 0.956230 0.960920 0.960473 0.950871 0.951987 0.956454 0.000000 0.958971 0.961590 0.958910 0.957329 0.956628 0.960473 0.960901 0.956677 0.967195 0.960981 0.961648 0.954495 0.954891 0.957347 0.963004 0.961143 0.957570 0.963823 0.959803 0.965833 0.964054 0.957312 0.960920 0.962815 0.961813 0.954667 0.960027
Y11832.1_Dasypus_novemcinctus_complete_mitochondrial_genome 0.954535 0.958527 0.958084 0.954535 0.959415 0.964515 0.953205 0.961428 0.961411 0.958847 0.962963 0.963861 0.962963 0.960745 0.968286 0.958749 0.965375 0.957862 0.957862 0.958971 0.960523 0.953205 0.958527 0.961411 0.956088 0.958084 0.962519 0.959858 0.959636 0.957862 0.963628 0.958971 0.000000 0.965624 0.967620 0.953792 0.952202 0.956753 0.957588 0.950543 0.967415 0.964072 0.962963 0.956310 0.954757 0.956310 0.963628 0.965181 0.950100 0.959858 0.959193 0.963628 0.961411 0.962347 0.960745 0.969013 0.956531 0.956310 0.960302
Z29573.1_Didelphis_virginiana_complete_mitochondrial_genome 0.956405 0.961616 0.964904 0.964006 0.969595 0.963783 0.962218 0.950849 0.972949 0.946963 0.961323 0.967387 0.960400 0.970982 0.957746 0.955958 0.966890 0.961658 0.964230 0.971384 0.957746 0.962441 0.967583 0.971160 0.968254 0.960447 0.958864 0.971160 0.957970 0.968030 0.961100 0.956007 0.961411 0.000000 0.945227 0.961309 0.959504 0.960429 0.968854 0.961771 0.963012 0.967670 0.966469 0.957825 0.963336 0.959311 0.965679 0.961100 0.957076 0.972055 0.967360 0.971831 0.969859 0.962566 0.967807 0.958389 0.968925 0.970042 0.959759
AF358864.1_Isoodon_macrourus_mitochondrion,_complete_genome 0.957895 0.963178 0.963572 0.963918 0.965239 0.962663 0.961314 0.947322 0.971005 0.946083 0.963775 0.962979 0.961068 0.966741 0.957490 0.955241 0.963644 0.959206 0.959514 0.968343 0.959514 0.963363 0.965254 0.970085 0.965587 0.959330 0.958839 0.969894 0.955615 0.963742 0.963845 0.953774 0.961632 0.944333 0.000000 0.961088 0.961275 0.960189 0.966424 0.962438 0.962792 0.964771 0.967127 0.956493 0.960198 0.961314 0.965010 0.961314 0.958614 0.969186 0.963788 0.973234 0.972092 0.959282 0.963113 0.963922 0.966937 0.967401 0.959739
AF217811.1_Tupaia_belangeri_mitochondrion,_complete_sequence 0.961309 0.965510 0.964846 0.960203 0.964846 0.967278 0.960203 0.966718 0.960867 0.964129 0.963520 0.965183 0.964846 0.962635 0.970595 0.963078 0.966025 0.959319 0.960646 0.963741 0.966394 0.956445 0.964404 0.961309 0.956003 0.961309 0.960646 0.967721 0.964625 0.960867 0.967499 0.962193 0.958214 0.970595 0.971479 0.000000 0.820694 0.961972 0.957367 0.955560 0.969837 0.969268 0.964716 0.960203 0.959098 0.963078 0.962193 0.966615 0.956445 0.962635 0.962857 0.967057 0.966394 0.963441 0.959098 0.972806 0.965067 0.956666 0.962635
AJ421453.1_Tupaia_belangeri_complete_mitochondrial_genome 0.959726 0.965700 0.963487 0.958619 0.962602 0.965700 0.958840 0.967600 0.961717 0.962808 0.963930 0.964963 0.963266 0.960389 0.971233 0.961938 0.964077 0.957955 0.959062 0.962602 0.965037 0.954636 0.963487 0.961717 0.957291 0.961938 0.960389 0.966586 0.963930 0.960168 0.964815 0.961496 0.956849 0.968798 0.971454 0.820473 0.000000 0.959947 0.958030 0.955079 0.969177 0.966807 0.963182 0.958177 0.957955 0.960389 0.961053 0.965037 0.953972 0.961717 0.960832 0.965922 0.964373 0.964536 0.959726 0.973667 0.963930 0.957513 0.961053
AJ428514.1_Rattus_norvegicus_complete_mitochondrial_genome,_wild-caught_animal_(Copenhagen,_Denmark) 0.951848 0.956260 0.956242 0.945764 0.958735 0.960470 0.951569 0.957240 0.957519 0.951585 0.957066 0.956148 0.955506 0.955804 0.962140 0.952790 0.958667 0.952296 0.953362 0.955770 0.951777 0.950101 0.955839 0.954319 0.949111 0.950391 0.937928 0.957538 0.952925 0.955685 0.957108 0.955337 0.951430 0.961100 0.960864 0.952465 0.950653 0.000000 0.953391 0.944960 0.962351 0.957191 0.959456 0.951165 0.949854 0.950972 0.956764 0.960383 0.948724 0.953040 0.950894 0.959100 0.956463 0.953371 0.945103 0.961930 0.955420 0.952338 0.955856
AF348080.1_Ochotona_collaris_mitochondrion,_complete_genome 0.962006 0.967307 0.962448 0.959134 0.966645 0.969516 0.960680 0.966498 0.960459 0.963908 0.962889 0.964963 0.965982 0.961564 0.974376 0.965319 0.962562 0.964657 0.959797 0.962227 0.968412 0.958471 0.958913 0.961122 0.959355 0.958913 0.968191 0.958030 0.963110 0.961343 0.967086 0.963994 0.961122 0.978573 0.977469 0.957367 0.958030 0.962448 0.000000 0.956483 0.971378 0.966424 0.962306 0.963110 0.957809 0.964877 0.963331 0.969958 0.964436 0.959576 0.965540 0.959797 0.962006 0.964755 0.959797 0.978131 0.955821 0.959797 0.965098
AJ002189.1_Sus_scrofa_complete_mitochondrial_DNA 0.955879 0.959161 0.952910 0.947557 0.958287 0.966343 0.947452 0.961208 0.956844 0.957306 0.952818 0.955928 0.963070 0.957812 0.963080 0.958211 0.961697 0.951850 0.947928 0.952178 0.959475 0.948078 0.955615 0.950023 0.948885 0.952626 0.959683 0.957762 0.952477 0.952551 0.960701 0.956900 0.951652 0.968478 0.968961 0.952244 0.951538 0.952208 0.952286 0.000000 0.969177 0.958751 0.960114 0.955383 0.946031 0.956394 0.956318 0.966025 0.949943 0.949490 0.951346 0.956738 0.958250 0.956217 0.955832 0.971669 0.956325 0.948067 0.959685
X83427.1_Ornithorhynchus_anatinus_mitochondrial_DNA,_complete_genome 0.963012 0.967635 0.965654 0.965214 0.967195 0.942977 0.964333 0.966314 0.970277 0.959947 0.966975 0.967635 0.964773 0.968956 0.968956 0.961471 0.967107 0.965214 0.965434 0.972699 0.966314 0.966094 0.966314 0.971819 0.966094 0.964553 0.968076 0.966314 0.961471 0.967195 0.969397 0.964773 0.966755 0.965434 0.966094 0.962351 0.961471 0.963893 0.966314 0.969177 0.000000 0.968956 0.968004 0.965434 0.966094 0.966314 0.967856 0.967856 0.966755 0.970938 0.968076 0.970057 0.971598 0.965193 0.967635 0.968296 0.965214 0.968736 0.967195
AJ428577.1_Ursus_maritimus_complete_mitochondrial_genome 0.965663 0.964994 0.963350 0.957637 0.956076 0.970346 0.960758 0.971347 0.968116 0.964349 0.960312 0.959454 0.968854 0.965440 0.975474 0.967224 0.968189 0.962327 0.961204 0.956745 0.968562 0.958305 0.966109 0.962765 0.961204 0.964771 0.968562 0.967670 0.963880 0.964548 0.964771 0.965217 0.967399 0.975028 0.974136 0.967499 0.965258 0.964994 0.965761 0.960312 0.973580 0.000000 0.968442 0.963596 0.958751 0.965440 0.966347 0.969677 0.960758 0.961873 0.955853 0.967447 0.967670 0.969571 0.965663 0.976538 0.964771 0.963657 0.968562
AJ001588.1_Oryctolagus_cuniculus_complete_mitochondrial_genome 0.959895 0.965593 0.963620 0.958361 0.961429 0.965155 0.957922 0.965812 0.964716 0.960552 0.962306 0.964935 0.960771 0.959895 0.968442 0.957703 0.941138 0.962306 0.961429 0.962086 0.960991 0.959895 0.961648 0.966469 0.959895 0.956607 0.964716 0.964278 0.959456 0.962744 0.961648 0.959895 0.960333 0.969538 0.969976 0.959676 0.957703 0.961210 0.957265 0.957703 0.968004 0.962963 0.000000 0.959676 0.958361 0.962744 0.960114 0.964497 0.958580 0.961210 0.964278 0.964497 0.963401 0.963660 0.963182 0.968880 0.960552 0.960114 0.963182
AJ421451.1_Lemur_catta_mitochondrion_complete_mitochondrial_genome 0.949390 0.953163 0.955605 0.952719 0.958491 0.962042 0.951609 0.960767 0.961154 0.954665 0.957159 0.960335 0.958713 0.955827 0.959378 0.951609 0.956503 0.955605 0.956493 0.962042 0.956937 0.954495 0.960932 0.961820 0.956049 0.951165 0.958047 0.959600 0.953607 0.957381 0.959600 0.952941 0.954092 0.961154 0.962042 0.955339 0.952644 0.954051 0.956925 0.952497 0.964553 0.958935 0.960771 0.000000 0.952497 0.954495 0.955161 0.958047 0.952053 0.961154 0.957603 0.964040 0.957159 0.958844 0.961376 0.961487 0.959600 0.957603 0.954273
AF010406.1_Ovis_aries_complete_mitochondrial_genome 0.952968 0.960946 0.952910 0.946661 0.957165 0.961547 0.930515 0.963412 0.959092 0.956646 0.954830 0.955487 0.958398 0.957589 0.959298 0.957499 0.958883 0.955194 0.949404 0.952627 0.954801 0.946730 0.958529 0.950978 0.951428 0.953073 0.959298 0.957313 0.954270 0.951880 0.955760 0.955561 0.956088 0.969148 0.966045 0.954234 0.952644 0.955700 0.954937 0.946706 0.968956 0.957637 0.961210 0.955161 0.000000 0.954576 0.956987 0.962447 0.953002 0.950079 0.951878 0.959748 0.959812 0.954028 0.956825 0.966357 0.957499 0.953237 0.957050
AJ421452.1_Macroscelides_proboscideus_complete_mitochondrial_genome 0.954087 0.960054 0.959351 0.954056 0.957614 0.961599 0.955942 0.963632 0.963363 0.955546 0.962433 0.962539 0.956396 0.959821 0.963172 0.957533 0.963644 0.957423 0.955716 0.960260 0.958427 0.953248 0.960995 0.963850 0.956992 0.960000 0.961591 0.961806 0.959202 0.957028 0.957781 0.959357 0.955866 0.965795 0.966262 0.959098 0.956185 0.956620 0.959576 0.955490 0.967415 0.963657 0.965155 0.955827 0.954576 0.000000 0.959661 0.964528 0.953683 0.961365 0.957976 0.965883 0.959589 0.961471 0.959105 0.970562 0.959105 0.957509 0.960586
AJ309867.1_Nycticebus_coucang_mitochondrial_genome 0.962781 0.960998 0.959129 0.956541 0.963896 0.967907 0.958547 0.965396 0.962781 0.962808 0.960776 0.965844 0.963293 0.961221 0.971919 0.961221 0.963211 0.962781 0.960330 0.963227 0.964564 0.960107 0.962113 0.963450 0.957655 0.958547 0.967239 0.962113 0.964787 0.963227 0.966124 0.965456 0.964294 0.973256 0.973925 0.960203 0.958619 0.962113 0.961343 0.957878 0.972699 0.965233 0.964497 0.957603 0.959216 0.963450 0.000000 0.966570 0.959438 0.960776 0.964787 0.960998 0.966570 0.967601 0.963896 0.974989 0.960330 0.959438 0.959438
AJ400734.2_Echinops_telfairi_complete_mitochondrial_genome 0.956775 0.957822 0.961573 0.961676 0.965239 0.965665 0.960891 0.969583 0.972353 0.961708 0.961762 0.965403 0.964182 0.960268 0.958286 0.962051 0.963211 0.959875 0.961060 0.969017 0.960607 0.962913 0.968393 0.969245 0.965773 0.959330 0.963342 0.971018 0.960771 0.966204 0.961150 0.958910 0.963407 0.965124 0.966712 0.963078 0.960832 0.962659 0.966865 0.961268 0.966535 0.964326 0.964497 0.959378 0.957724 0.960461 0.965456 0.000000 0.961749 0.967332 0.965150 0.971825 0.965171 0.961909 0.968124 0.962594 0.968771 0.966727 0.964414
AJ421450.1_Tamandua_tetradactyla_complete_mitochondrial_genome 0.954535 0.955144 0.956464 0.951591 0.954698 0.962729 0.952478 0.959665 0.959541 0.955326 0.958631 0.957911 0.960178 0.960714 0.967128 0.957985 0.960182 0.950959 0.952909 0.957342 0.957890 0.954372 0.957409 0.957485 0.953614 0.958436 0.958751 0.961806 0.958529 0.953447 0.957781 0.958017 0.949656 0.962888 0.964912 0.952023 0.949104 0.952142 0.958913 0.949264 0.967635 0.958751 0.960552 0.955383 0.951878 0.952779 0.958101 0.963342 0.000000 0.955989 0.954967 0.962736 0.958026 0.958844 0.957859 0.970784 0.959267 0.956610 0.958333
AJ277029.2_Physeter_macrocephalus_mitochondrial_genome 0.962150 0.966972 0.956020 0.951143 0.961651 0.965439 0.952813 0.966277 0.957294 0.963468 0.962657 0.962759 0.966407 0.962054 0.976876 0.964310 0.968405 0.962996 0.937061 0.958913 0.963550 0.951675 0.955391 0.953189 0.952038 0.962011 0.969601 0.959110 0.961892 0.958594 0.967438 0.966503 0.962298 0.980774 0.976833 0.962414 0.961053 0.960980 0.958030 0.953341 0.975561 0.961650 0.966031 0.963374 0.953452 0.963172 0.962113 0.973230 0.958938 0.000000 0.957683 0.953721 0.959812 0.967382 0.959619 0.981850 0.955420 0.954362 0.962838
AJ428578.2_Eumetopias_jubatus_complete_mitochondrial_genome 0.956551 0.960723 0.955131 0.949126 0.938551 0.961599 0.952252 0.962310 0.960441 0.959067 0.953488 0.951300 0.963515 0.959152 0.965377 0.958437 0.963428 0.956754 0.953157 0.939380 0.958588 0.950101 0.958754 0.955224 0.951362 0.955307 0.962661 0.960458 0.960771 0.954342 0.959353 0.958240 0.955866 0.971160 0.968736 0.957771 0.955521 0.954741 0.960018 0.947952 0.969397 0.950725 0.965593 0.957159 0.949179 0.955264 0.960330 0.966508 0.954288 0.954062 0.000000 0.961077 0.960929 0.962347 0.957230 0.971890 0.957456 0.954586 0.961486
X97707.1_Pongo_abelii_mitochondrial_genome 0.966405 0.971658 0.966237 0.958315 0.967033 0.967924 0.961372 0.968261 0.936390 0.961708 0.966234 0.968488 0.971969 0.962723 0.981183 0.968828 0.971868 0.967008 0.960380 0.964526 0.970795 0.957294 0.943062 0.960651 0.957217 0.964469 0.971143 0.928106 0.968841 0.964861 0.972378 0.969183 0.965181 0.980326 0.979982 0.965067 0.963930 0.966144 0.957809 0.959003 0.974901 0.967447 0.967565 0.965816 0.961322 0.967013 0.961221 0.974778 0.966599 0.954855 0.965150 0.000000 0.959143 0.970228 0.963190 0.982736 0.929396 0.960207 0.957207
AJ428849.1_Cynocephalus_variegatus_complete_mitochondrial_genome 0.959143 0.963847 0.961795 0.957803 0.958919 0.968520 0.960259 0.966939 0.957803 0.962808 0.965171 0.962539 0.965740 0.958705 0.976111 0.963385 0.967756 0.963219 0.957803 0.962268 0.964724 0.956463 0.955124 0.961375 0.956240 0.959366 0.969190 0.956240 0.964948 0.958919 0.965617 0.964948 0.960523 0.973655 0.976334 0.961088 0.959062 0.959812 0.959355 0.958250 0.974240 0.962542 0.966031 0.958935 0.958473 0.959143 0.965010 0.967850 0.958026 0.956910 0.962268 0.956240 0.000000 0.970884 0.961375 0.978309 0.954901 0.957803 0.961599
AF348081.1_Soriculus_fumidus_mitochondrion,_complete_genome 0.957968 0.963222 0.958844 0.956655 0.961033 0.968695 0.952496 0.961471 0.966725 0.960814 0.958187 0.963222 0.961909 0.964536 0.959501 0.957312 0.963861 0.954466 0.957750 0.964317 0.962128 0.957968 0.966068 0.964755 0.958406 0.954685 0.957968 0.965193 0.957968 0.959282 0.959063 0.955779 0.962785 0.968039 0.963660 0.959501 0.960158 0.957968 0.958187 0.954247 0.965412 0.965193 0.964536 0.958625 0.952277 0.961909 0.963441 0.962347 0.959282 0.965849 0.963222 0.966725 0.969133 0.000000 0.959720 0.965412 0.965193 0.958406 0.960595
AF348082.1_Microtus_kikuchii_mitochondrion,_complete_genome 0.961254 0.967864 0.964238 0.954953 0.963669 0.966117 0.957026 0.958783 0.959541 0.960607 0.964445 0.961216 0.964627 0.960491 0.970982 0.961825 0.969920 0.961658 0.959928 0.960709 0.963324 0.955945 0.961444 0.961556 0.957442 0.958436 0.953986 0.963154 0.965030 0.957475 0.969010 0.962707 0.961632 0.974290 0.969186 0.957550 0.958177 0.948747 0.955158 0.957644 0.970718 0.963657 0.965593 0.963818 0.956150 0.961365 0.961667 0.971084 0.959681 0.958258 0.960851 0.961145 0.962045 0.961033 0.000000 0.977202 0.960172 0.956835 0.962838
X88898.2_Erinaceus_europaeus_complete_mitochondrial_DNA_sequence 0.963037 0.965029 0.967242 0.969456 0.972112 0.970120 0.966135 0.972890 0.976317 0.968090 0.968349 0.969810 0.967463 0.968349 0.959274 0.961045 0.965592 0.964143 0.968349 0.974768 0.962594 0.970784 0.975653 0.974104 0.969898 0.965471 0.966357 0.976760 0.960159 0.971005 0.962815 0.959717 0.966578 0.962594 0.967021 0.966394 0.966807 0.965250 0.974155 0.968127 0.966975 0.972554 0.969099 0.962151 0.964365 0.967463 0.969677 0.961709 0.968127 0.974104 0.971890 0.978752 0.976096 0.964098 0.976096 0.000000 0.971890 0.971669 0.966135
X93347.1_Gorilla_gorilla_gorilla_mitochondrial_DNA._complete_genome 0.961926 0.966079 0.961128 0.953832 0.962323 0.966117 0.957004 0.965836 0.934367 0.960167 0.964445 0.963200 0.965517 0.962054 0.974655 0.960470 0.966025 0.961881 0.956778 0.962955 0.964924 0.953697 0.941493 0.957711 0.952263 0.959777 0.965150 0.909683 0.962564 0.959714 0.967438 0.964046 0.958749 0.974737 0.973684 0.961309 0.959504 0.961530 0.953612 0.958135 0.969837 0.963211 0.962963 0.961376 0.958399 0.961365 0.960330 0.970355 0.961756 0.955420 0.960851 0.928943 0.956240 0.966068 0.960398 0.975874 0.000000 0.954362 0.956081
Y07726.1_Ceratotherium_simum_complete_mitochondrial_DNA_sequence 0.954087 0.960054 0.953354 0.938144 0.954026 0.964928 0.949640 0.960326 0.949427 0.958407 0.955725 0.952843 0.964627 0.956250 0.967401 0.959757 0.961047 0.952965 0.948966 0.953525 0.961556 0.922005 0.951805 0.948067 0.935701 0.956201 0.959982 0.951696 0.956512 0.951432 0.960701 0.954891 0.954314 0.972725 0.969200 0.952023 0.952644 0.956835 0.954274 0.945144 0.968076 0.959420 0.960333 0.957381 0.950315 0.955261 0.954758 0.966052 0.954362 0.949191 0.953912 0.955486 0.956463 0.956874 0.953462 0.972554 0.951664 0.000000 0.956835
AJ309866.1_Cebus_albifrons_mitochondrial_genome 0.961030 0.965856 0.962461 0.959211 0.964566 0.965090 0.957432 0.966939 0.958193 0.962368 0.963327 0.964301 0.963737 0.964732 0.970045 0.959459 0.966674 0.958984 0.959910 0.966771 0.963063 0.958418 0.956288 0.965315 0.960820 0.959106 0.965766 0.954842 0.959426 0.967547 0.963845 0.963600 0.963185 0.967583 0.968286 0.960867 0.959062 0.963964 0.962448 0.962387 0.970498 0.969231 0.967565 0.958269 0.960198 0.961261 0.960330 0.968694 0.961486 0.963288 0.965766 0.956532 0.963831 0.964536 0.966216 0.970341 0.956306 0.960881 0.000000
