59
Y18475.1_Orycteropus_afer_complete_mitochondrial_genome 0.000000  0.852741  0.830669  0.813825  0.837731  0.878787  0.813649  0.870025  0.869859  0.866793  0.825838  0.826496  0.852482  0.811850  0.852127  0.843859  0.833426  0.828402  0.834044  0.822197  0.854902  0.816411  0.880015  0.821836  0.816020  0.830574  0.845534  0.866253  0.830303  0.823887  0.855360  0.835908  0.834510  0.850678  0.868681  0.833008  0.835832  0.834463  0.833466  0.813256  0.875472  0.839268  0.825400  0.828405  0.815875  0.823163  0.849962  0.834297  0.829513  0.842100  0.820666  0.871679  0.857108  0.834806  0.850620  0.875441  0.862792  0.815285  0.867372
AJ224821.1_Loxodonta_africana_complete_mitochondrial_genomic_sequence 0.857690  0.000000  0.864295  0.862500  0.865336  0.914188  0.857301  0.891719  0.896308  0.886643  0.868730  0.867428  0.881826  0.836889  0.879169  0.876398  0.868520  0.870636  0.886149  0.875024  0.881196  0.861270  0.899613  0.860282  0.856538  0.871929  0.893497  0.899295  0.867534  0.865344  0.878716  0.879674  0.862339  0.894146  0.891792  0.878404  0.882798  0.876861  0.877994  0.858630  0.913424  0.870980  0.873894  0.879750  0.860880  0.866862  0.886193  0.893477  0.874888  0.882052  0.862153  0.903957  0.889988  0.871598  0.890426  0.905382  0.911177  0.851217  0.893211
Y19184.1_Lama_pacos_complete_mitochondrial_genome 0.831932  0.864792  0.000000  0.797082  0.825099  0.896036  0.794154  0.887068  0.872514  0.883092  0.813255  0.803517  0.864048  0.837206  0.877959  0.854576  0.831905  0.805527  0.805908  0.807196  0.858007  0.794833  0.874389  0.774565  0.794552  0.838452  0.858655  0.869056  0.828031  0.817792  0.841504  0.839802  0.840211  0.899984  0.889786  0.845232  0.841375  0.851729  0.838141  0.790888  0.892574  0.819554  0.836017  0.847042  0.790086  0.849645  0.854484  0.873661  0.839861  0.808003  0.807614  0.877599  0.850854  0.830017  0.862839  0.884835  0.864101  0.798419  0.883118
X97337.1_Equus_asinus_complete_mitochondrial_genome 0.815871  0.860430  0.795258  0.000000  0.796348  0.884683  0.780442  0.873626  0.852275  0.862052  0.790624  0.789777  0.851703  0.812509  0.854932  0.833368  0.826465  0.792896  0.789343  0.778780  0.844359  0.728753  0.874396  0.784364  0.570270  0.816407  0.841764  0.853288  0.812701  0.778740  0.825771  0.821350  0.822331  0.867228  0.880540  0.819001  0.818453  0.826183  0.821190  0.773272  0.885651  0.795119  0.822358  0.826602  0.776696  0.837493  0.835180  0.859125  0.819637  0.805369  0.786484  0.857740  0.832243  0.809034  0.840832  0.890067  0.847000  0.723201  0.864682
AJ428576.2_Odobenus_rosmarus_rosmarus_complete_mitochondrial_genome 0.844951  0.868951  0.822502  0.800908  0.000000  0.889004  0.811573  0.881560  0.879224  0.879365  0.784383  0.784192  0.879121  0.832395  0.875364  0.857558  0.846950  0.818538  0.824021  0.732328  0.880553  0.802272  0.896027  0.816947  0.796851  0.848910  0.866833  0.868113  0.834033  0.817037  0.847652  0.844532  0.843116  0.891867  0.894826  0.849154  0.851098  0.854774  0.830555  0.803596  0.896845  0.778913  0.848400  0.842851  0.812484  0.849393  0.854586  0.881300  0.849853  0.823369  0.709017  0.884178  0.858610  0.830668  0.861255  0.892633  0.883350  0.794131  0.893411
AJ303116.1_Tachyglossus_aculeatus_complete_mitochondrial_genome 0.892258  0.920174  0.896795  0.890524  0.896576  0.000000  0.884158  0.877038  0.907713  0.865190  0.900249  0.884877  0.895051  0.881144  0.914556  0.885059  0.895991  0.896013  0.895771  0.888628  0.903337  0.879981  0.924450  0.890843  0.896162  0.888763  0.883230  0.902337  0.890610  0.888553  0.893495  0.896175  0.886335  0.887905  0.887862  0.886775  0.889175  0.883601  0.895004  0.883375  0.758254  0.897063  0.886430  0.892313  0.883623  0.887944  0.899006  0.901540  0.884957  0.885820  0.890182  0.926204  0.906809  0.888555  0.887325  0.912494  0.901194  0.888557  0.908616
V00654.1_Bos_taurus_complete_mitochondrial_genome 0.821869  0.859410  0.794438  0.780774  0.806997  0.873281  0.000000  0.860771  0.865872  0.868427  0.803085  0.794848  0.851924  0.834488  0.844628  0.836238  0.828873  0.797747  0.765514  0.777887  0.860374  0.781067  0.868988  0.779324  0.781410  0.823561  0.844684  0.853609  0.818049  0.796818  0.833731  0.825289  0.826475  0.877553  0.871310  0.833674  0.828735  0.836298  0.829067  0.771396  0.874851  0.806608  0.823650  0.823762  0.687294  0.835234  0.839525  0.856396  0.826848  0.791477  0.798038  0.859084  0.852089  0.810779  0.842635  0.856320  0.848716  0.780846  0.860547
AF357238.1_Trichosurus_vulpecula_mitochondrion,_complete_genome 0.869964  0.889249  0.885920  0.870329  0.873517  0.868043  0.860230  0.000000  0.881190  0.749505  0.866739  0.856892  0.884030  0.878808  0.882327  0.868113  0.868253  0.862789  0.877794  0.869327  0.888146  0.861026  0.892779  0.871594  0.879462  0.876726  0.861233  0.894329  0.874538  0.861115  0.878522  0.885051  0.861911  0.800085  0.770969  0.869939  0.873249  0.858096  0.867669  0.855771  0.871429  0.887161  0.870687  0.873736  0.869073  0.875134  0.886218  0.888723  0.866832  0.880275  0.866897  0.909956  0.893561  0.872543  0.861636  0.917166  0.889015  0.866727  0.891932
X99256.1_Hylobates_lar_complete_mitochondrial_DNA_sequence 0.872477  0.903274  0.874676  0.853899  0.870336  0.910017  0.870442  0.887914  0.000000  0.892629  0.868876  0.874361  0.883707  0.873163  0.904959  0.866243  0.879449  0.872765  0.868271  0.861338  0.881153  0.858081  0.791747  0.857025  0.848603  0.868104  0.890030  0.723558  0.882611  0.853056  0.888502  0.884012  0.864781  0.907214  0.903626  0.876171  0.873295  0.878203  0.862807  0.863053  0.923195  0.880174  0.871944  0.861874  0.863486  0.888758  0.866859  0.903801  0.879969  0.872214  0.866835  0.740187  0.858120  0.875219  0.871351  0.908906  0.722863  0.851617  0.851838
Y10524.1_Macropus_robustus_complete_mitochondrial_genome 0.867069  0.886932  0.879825  0.859588  0.876154  0.868965  0.868737  0.751164  0.888870  0.000000  0.865341  0.862206  0.875784  0.869432  0.888440  0.874671  0.877902  0.868324  0.880784  0.859937  0.877218  0.863307  0.900723  0.862423  0.870513  0.871430  0.862640  0.894290  0.875256  0.857036  0.875791  0.883058  0.873838  0.799999  0.781662  0.867125  0.868527  0.860245  0.876535  0.856438  0.871147  0.875233  0.867902  0.876365  0.854956  0.865413  0.890376  0.893459  0.873691  0.879200  0.864263  0.903697  0.886821  0.865388  0.867029  0.899861  0.885898  0.858907  0.895872
U96639.2_Canis_familiaris_mitochondrion,_complete_genome 0.829151  0.869239  0.810631  0.788686  0.779580  0.894700  0.801452  0.875601  0.866595  0.869864  0.000000  0.766945  0.849343  0.836271  0.861375  0.836882  0.827560  0.804531  0.812313  0.761488  0.855761  0.791252  0.879673  0.803841  0.784240  0.823517  0.848918  0.866463  0.822746  0.810325  0.834057  0.827909  0.844378  0.872960  0.871363  0.832365  0.831953  0.842845  0.835708  0.799472  0.881385  0.778532  0.831795  0.836989  0.794518  0.846817  0.843702  0.865430  0.830609  0.830731  0.773370  0.878216  0.850924  0.811228  0.850792  0.894340  0.869715  0.788935  0.878455
U20753.1_Felis_catus_mitochondrion,_complete_genome 0.825821  0.865339  0.804435  0.783195  0.785778  0.887403  0.792630  0.860808  0.871345  0.858478  0.773424  0.000000  0.846776  0.831045  0.849370  0.832349  0.823649  0.796017  0.812692  0.769947  0.854347  0.779804  0.876636  0.806323  0.779746  0.818385  0.847427  0.860091  0.812657  0.806967  0.833250  0.815643  0.833647  0.860191  0.870735  0.832909  0.833627  0.841926  0.824313  0.782755  0.884924  0.773820  0.823050  0.824570  0.796996  0.846570  0.845466  0.863895  0.830846  0.814973  0.784324  0.875394  0.845393  0.807557  0.848651  0.882707  0.861981  0.775539  0.866149
AJ222767.1_Cavia_porcellus_complete_mitochondrial_genome 0.851194  0.882715  0.867004  0.851164  0.873888  0.894330  0.856193  0.883994  0.888022  0.876011  0.854017  0.850492  0.000000  0.854438  0.870860  0.850958  0.851772  0.847484  0.855177  0.855546  0.846077  0.858812  0.892586  0.855663  0.853688  0.848732  0.873349  0.885159  0.864163  0.859281  0.866289  0.866116  0.861954  0.886288  0.883828  0.851965  0.847377  0.854865  0.855309  0.856187  0.893918  0.859096  0.851169  0.842653  0.848681  0.866753  0.864698  0.875237  0.861397  0.860755  0.863626  0.896364  0.875414  0.853895  0.857482  0.890913  0.872898  0.851615  0.890229
AJ421723.1_Dugong_dugon_complete_mitochondrial_genome 0.819581  0.848376  0.836120  0.814630  0.832785  0.882084  0.833165  0.888240  0.868027  0.874107  0.832677  0.832653  0.856596  0.000000  0.876545  0.848561  0.826098  0.838128  0.848443  0.824110  0.869537  0.822950  0.884744  0.828769  0.819422  0.837632  0.857441  0.876014  0.851867  0.830201  0.841032  0.854770  0.841677  0.883937  0.882657  0.836318  0.837634  0.847411  0.842321  0.820875  0.893369  0.831075  0.829508  0.821598  0.824694  0.834772  0.846961  0.863077  0.846652  0.839782  0.830526  0.873182  0.846648  0.845148  0.854256  0.890064  0.874359  0.819713  0.881596
AF348079.1_Echinosorex_gymnura_mitochondrion,_complete_genome 0.852485  0.879479  0.874943  0.855059  0.867368  0.906906  0.844403  0.879825  0.904290  0.886108  0.860142  0.846548  0.872643  0.874308  0.000000  0.862999  0.856804  0.840786  0.864486  0.860854  0.871190  0.848738  0.905354  0.868900  0.862116  0.855883  0.862985  0.896501  0.850729  0.861322  0.863280  0.858902  0.865591  0.872480  0.876381  0.864671  0.866233  0.856221  0.862027  0.841420  0.887806  0.877598  0.867005  0.858125  0.843342  0.861893  0.873093  0.872831  0.863242  0.873823  0.856561  0.915712  0.886039  0.841453  0.869475  0.866532  0.905499  0.853929  0.895995
AJ238588.1_Sciurus_vulgaris_complete_mitochondrial_genome 0.844117  0.877323  0.847510  0.831187  0.847596  0.885022  0.832385  0.871602  0.867191  0.869376  0.829511  0.831218  0.849220  0.846439  0.871116  0.000000  0.821444  0.846720  0.843751  0.836635  0.854464  0.826264  0.877391  0.837624  0.824090  0.828767  0.847648  0.867460  0.844443  0.841305  0.853543  0.842419  0.835810  0.873055  0.864914  0.839688  0.838755  0.840689  0.830963  0.825722  0.874039  0.850850  0.821490  0.822164  0.829150  0.840292  0.846517  0.863282  0.841547  0.853477  0.836714  0.879805  0.859426  0.832139  0.844154  0.881943  0.855164  0.828974  0.875610
AJ421471.1_Lepus_europaeus_complete_mitochondrial_genome 0.829310  0.867808  0.829917  0.824748  0.845195  0.892857  0.825419  0.875942  0.870646  0.871341  0.829010  0.824336  0.844921  0.827689  0.854689  0.820665  0.000000  0.825903  0.838681  0.827084  0.846558  0.817097  0.872234  0.830192  0.821593  0.828363  0.837696  0.865306  0.833200  0.828518  0.847396  0.843514  0.842759  0.873657  0.877747  0.819240  0.820924  0.835151  0.796778  0.818736  0.875855  0.841448  0.703304  0.817281  0.817879  0.843241  0.834625  0.859160  0.835908  0.844224  0.828861  0.866289  0.846701  0.829652  0.850153  0.870637  0.858400  0.820635  0.873482
Y19192.1_Talpa_europaea_complete_mitochondrial_genome 0.828529  0.868802  0.813185  0.792938  0.813228  0.885419  0.799874  0.867988  0.869601  0.873945  0.801591  0.794880  0.844931  0.829112  0.836349  0.839200  0.826295  0.000000  0.819485  0.799517  0.853242  0.789253  0.874201  0.814547  0.791382  0.826048  0.838153  0.871141  0.804979  0.797066  0.840466  0.826298  0.831261  0.882485  0.868931  0.826856  0.821736  0.833792  0.833674  0.794103  0.882885  0.807800  0.829728  0.829494  0.792861  0.839833  0.844285  0.862568  0.822101  0.836817  0.813954  0.879572  0.845830  0.792454  0.841981  0.880015  0.860119  0.794930  0.880331
X61145.1_Balaenoptera_physalus_mitochondrial_complete_genome 0.829948  0.883690  0.798639  0.789177  0.819984  0.893463  0.768399  0.873185  0.862418  0.876770  0.815922  0.813107  0.853022  0.840597  0.864126  0.840809  0.838360  0.817759  0.000000  0.812639  0.856314  0.791487  0.862533  0.775050  0.786932  0.830543  0.860956  0.855053  0.816409  0.818407  0.844470  0.831581  0.839538  0.884545  0.878720  0.838270  0.835679  0.851998  0.836761  0.777451  0.884936  0.812344  0.835236  0.839924  0.773925  0.848032  0.845496  0.864370  0.836548  0.718620  0.816324  0.864194  0.849329  0.825728  0.854131  0.870779  0.868351  0.787892  0.878310
X72004.1_Halichoerus_grypus_complete_mitochondrial_genome 0.815970  0.868485  0.800351  0.776372  0.732151  0.880892  0.790219  0.861748  0.855773  0.856052  0.758901  0.761596  0.852273  0.817288  0.854112  0.832516  0.823610  0.802736  0.810099  0.000000  0.848579  0.775061  0.865937  0.800470  0.780285  0.820661  0.843610  0.857839  0.819238  0.796395  0.836511  0.820954  0.825367  0.869932  0.871737  0.828318  0.828489  0.837035  0.823526  0.784696  0.877917  0.749911  0.822463  0.826080  0.787711  0.832867  0.836787  0.864246  0.825821  0.811495  0.724089  0.863054  0.850102  0.813658  0.840597  0.875186  0.848320  0.777246  0.864148
AJ301644.1_Thryonomys_swinderianus_complete_mitochondrial_genome 0.856248  0.882823  0.857064  0.848064  0.864312  0.894764  0.853646  0.891466  0.878620  0.876373  0.855542  0.853679  0.847629  0.856907  0.869486  0.852214  0.845818  0.852732  0.858336  0.854182  0.000000  0.851619  0.887236  0.861224  0.846367  0.852220  0.849270  0.884988  0.857236  0.850074  0.845483  0.858014  0.853488  0.871784  0.879998  0.852684  0.850430  0.852338  0.863457  0.844155  0.884113  0.860110  0.850527  0.854303  0.842201  0.853771  0.859948  0.876665  0.860221  0.864386  0.856436  0.886409  0.863256  0.851801  0.860654  0.889161  0.880060  0.848011  0.892997
X97336.1_Rhinoceros_unicornis_complete_mitochondrial_genome 0.817331  0.861961  0.792614  0.727011  0.797882  0.880693  0.778406  0.866665  0.856071  0.861223  0.796633  0.779957  0.857071  0.821692  0.846484  0.829187  0.815443  0.790349  0.790775  0.776225  0.852958  0.000000  0.864422  0.785428  0.725364  0.820076  0.844403  0.851474  0.809666  0.785407  0.825067  0.806944  0.828089  0.870981  0.875420  0.817532  0.816932  0.842086  0.822279  0.773903  0.877779  0.794241  0.817587  0.817580  0.776788  0.832403  0.833278  0.867236  0.825798  0.800202  0.786917  0.852861  0.822720  0.806285  0.842108  0.878310  0.840824  0.652315  0.860862
Y18001.1_Papio_hamadryas_mitochondrial_DNA,_complete_genome 0.885521  0.904458  0.879561  0.868863  0.894456  0.912642  0.875898  0.899007  0.792449  0.905027  0.885277  0.877839  0.893664  0.882472  0.906896  0.885045  0.878747  0.876249  0.867232  0.873318  0.889295  0.865955  0.000000  0.874510  0.858741  0.874547  0.888087  0.790313  0.890534  0.870682  0.902078  0.901305  0.875592  0.910443  0.910863  0.876067  0.872560  0.880091  0.865214  0.866231  0.913799  0.884919  0.880813  0.874227  0.879414  0.883065  0.881671  0.905056  0.878031  0.871802  0.872253  0.796288  0.866850  0.880945  0.884893  0.914990  0.793435  0.865248  0.861480
AJ010957.1_Hippopotamus_amphibius_complete_mitochondrial_DNA_sequence 0.828460  0.861289  0.772443  0.785802  0.818743  0.884816  0.779561  0.874140  0.854903  0.871777  0.803835  0.805303  0.858317  0.833440  0.871746  0.839996  0.839839  0.813902  0.774613  0.799922  0.866230  0.783247  0.874294  0.000000  0.780357  0.833955  0.859795  0.864275  0.820975  0.810761  0.841480  0.837042  0.835387  0.884773  0.899784  0.830596  0.831669  0.846451  0.831335  0.779945  0.883946  0.806618  0.837436  0.836296  0.775307  0.849056  0.851091  0.868322  0.825475  0.780584  0.800965  0.868429  0.847303  0.830350  0.850110  0.885225  0.849768  0.776764  0.873660
X79547.1_Equus_caballus_mitochondrial_DNA_complete_sequence 0.821125  0.857711  0.795931  0.577326  0.799003  0.893003  0.780139  0.885555  0.849245  0.873696  0.788409  0.783250  0.854298  0.819850  0.861558  0.831472  0.821521  0.796022  0.789071  0.781772  0.852637  0.732383  0.872751  0.783272  0.000000  0.817915  0.851066  0.852997  0.812027  0.781025  0.824545  0.823101  0.829400  0.879905  0.879075  0.819389  0.819702  0.834929  0.821155  0.770537  0.888192  0.799588  0.824954  0.829190  0.782378  0.843780  0.838323  0.869930  0.821871  0.802670  0.791419  0.852923  0.837190  0.808518  0.844517  0.877674  0.847987  0.727981  0.868081
AF348159.1_Cephalopachus_bancanus_mitochondrion,_complete_genome 0.831911  0.869317  0.835144  0.816019  0.849588  0.882500  0.825213  0.876676  0.871937  0.877271  0.824894  0.819914  0.848773  0.838355  0.864403  0.834888  0.832801  0.830700  0.831612  0.825561  0.858255  0.819523  0.869789  0.834360  0.816338  0.000000  0.846908  0.858015  0.839046  0.840616  0.850602  0.848921  0.842025  0.873356  0.871622  0.826219  0.826073  0.846399  0.825167  0.821937  0.874260  0.844175  0.819662  0.814769  0.827015  0.846522  0.826831  0.864988  0.837817  0.841507  0.831482  0.861935  0.844079  0.828355  0.851719  0.882196  0.852163  0.829301  0.857425
J01420.1_Mouse_mitochondrion,_complete_genome 0.843828  0.887278  0.850516  0.838847  0.858076  0.880188  0.840691  0.863161  0.874835  0.865049  0.844428  0.846629  0.864396  0.859508  0.862870  0.844990  0.839699  0.832022  0.859153  0.847444  0.852109  0.841935  0.889947  0.854152  0.845067  0.840166  0.000000  0.871297  0.847106  0.851273  0.851559  0.853763  0.851514  0.868314  0.877501  0.835652  0.835914  0.738689  0.847069  0.835267  0.882762  0.848683  0.843990  0.850952  0.835270  0.844524  0.855702  0.871672  0.836997  0.865024  0.847532  0.872259  0.863824  0.836641  0.788298  0.890525  0.875317  0.839668  0.880437
X93334.1_Homo_sapiens_mitochondrial_DNA,_complete_genome 0.879072  0.898938  0.868862  0.862612  0.867515  0.901667  0.855949  0.888447  0.722309  0.890758  0.866123  0.865264  0.884060  0.881293  0.903098  0.869505  0.875069  0.868435  0.864547  0.859853  0.880669  0.848187  0.792467  0.867566  0.850527  0.857159  0.875588  0.000000  0.876850  0.857025  0.891777  0.877677  0.859055  0.905974  0.906573  0.868641  0.868040  0.864863  0.853261  0.856515  0.907251  0.872200  0.866335  0.860020  0.865672  0.877969  0.865854  0.897870  0.874288  0.871954  0.862225  0.707419  0.853727  0.872562  0.869644  0.903509  0.637221  0.848121  0.844486
AF061340.1_Artibeus_jamaicensis_mitochondrial_DNA,_complete_genome 0.835051  0.866745  0.826212  0.807705  0.826836  0.882042  0.818229  0.873807  0.875786  0.873897  0.824845  0.812979  0.857530  0.849175  0.849945  0.841758  0.831981  0.807070  0.817916  0.819287  0.855866  0.808777  0.898660  0.824359  0.810225  0.834297  0.852149  0.874013  0.000000  0.799689  0.847329  0.813824  0.846923  0.879525  0.866265  0.839413  0.836909  0.845535  0.840568  0.804527  0.878744  0.823446  0.833630  0.840152  0.806165  0.854615  0.855517  0.879421  0.838638  0.827043  0.826863  0.885331  0.860356  0.821302  0.851788  0.880805  0.865454  0.803340  0.874481
AF321050.1_Pteropus_scapulatus_mitochondrial_DNA,_complete_genome 0.828652  0.870970  0.816656  0.778871  0.812118  0.885011  0.798574  0.866007  0.850215  0.860331  0.807871  0.804201  0.858653  0.832923  0.861836  0.840976  0.831193  0.800003  0.821251  0.800449  0.853417  0.786174  0.869805  0.813296  0.777757  0.836457  0.850656  0.856669  0.807608  0.000000  0.841456  0.815679  0.832061  0.876909  0.866614  0.826460  0.824293  0.838112  0.827729  0.793235  0.884651  0.818249  0.825402  0.835491  0.788474  0.842655  0.843016  0.869150  0.831454  0.817544  0.804015  0.858697  0.850900  0.817104  0.844508  0.871161  0.851833  0.785567  0.871652
AJ421454.1_Manis_tetradactyla_complete_mitochondrial_genome 0.855489  0.881873  0.840044  0.824503  0.843011  0.875262  0.838008  0.884220  0.884042  0.877513  0.833971  0.833985  0.867491  0.851399  0.862720  0.855372  0.851290  0.838402  0.845026  0.840329  0.845745  0.829357  0.902602  0.836581  0.823003  0.849612  0.857135  0.879000  0.849575  0.837474  0.000000  0.845397  0.849614  0.880676  0.889145  0.853792  0.847483  0.860865  0.857914  0.831643  0.891623  0.839115  0.843776  0.854573  0.823647  0.854881  0.860633  0.873470  0.855083  0.852244  0.832830  0.895344  0.867412  0.838373  0.866334  0.886581  0.878150  0.828343  0.878719
AF321051.1_Chalinolobus_tuberculatus_mitochondrial_DNA,_complete_genome 0.840897  0.878268  0.838950  0.822887  0.838095  0.892815  0.825687  0.886926  0.883693  0.883295  0.831025  0.820613  0.870283  0.853800  0.865669  0.845190  0.845577  0.832429  0.833843  0.832123  0.858099  0.806353  0.898111  0.834836  0.824078  0.847326  0.855187  0.875684  0.815969  0.816504  0.844218  0.000000  0.862636  0.870521  0.883480  0.844960  0.852152  0.849440  0.838774  0.822798  0.886659  0.836625  0.834467  0.845196  0.820369  0.856948  0.866481  0.884907  0.855622  0.848806  0.831003  0.888045  0.866323  0.832805  0.862220  0.887932  0.879415  0.810203  0.885013
Y11832.1_Dasypus_novemcinctus_complete_mitochondrial_genome 0.834605  0.870837  0.839465  0.832006  0.840723  0.880808  0.835987  0.864865  0.867605  0.868325  0.847022  0.845549  0.862164  0.843959  0.857445  0.846519  0.843833  0.836958  0.851754  0.849518  0.857677  0.838711  0.876396  0.832446  0.831863  0.838503  0.853984  0.861577  0.850129  0.834919  0.852497  0.858142  0.000000  0.872889  0.877489  0.840231  0.835941  0.849418  0.841503  0.815818  0.888713  0.845664  0.845645  0.840012  0.834705  0.844456  0.851175  0.873205  0.819386  0.854000  0.837153  0.876783  0.861360  0.839872  0.872914  0.881068  0.868715  0.830719  0.879786
Z29573.1_Didelphis_virginiana_complete_mitochondrial_genome 0.865490  0.888924  0.897115  0.871213  0.888615  0.880409  0.877186  0.797953  0.907348  0.800807  0.869741  0.869992  0.887661  0.881119  0.876024  0.870209  0.871137  0.875851  0.881018  0.876614  0.871924  0.874452  0.913717  0.889845  0.881770  0.872280  0.871481  0.907095  0.879185  0.873841  0.879034  0.871385  0.875034  0.000000  0.783782  0.880145  0.876581  0.864645  0.903085  0.877496  0.874727  0.885719  0.875938  0.872315  0.883600  0.872492  0.894276  0.887878  0.872857  0.902541  0.886169  0.918634  0.893197  0.870845  0.877688  0.896306  0.903386  0.879253  0.893221
AF358864.1_Isoodon_macrourus_mitochondrion,_complete_genome 0.868360  0.891293  0.884846  0.876447  0.883097  0.882833  0.873117  0.768998  0.901451  0.778318  0.868919  0.863523  0.882240  0.879985  0.870787  0.861998  0.875423  0.865308  0.876811  0.873346  0.878756  0.868213  0.905908  0.894728  0.879424  0.873491  0.869949  0.909513  0.863486  0.867980  0.882505  0.873883  0.871864  0.785974  0.000000  0.876308  0.877480  0.853544  0.860614  0.872536  0.860154  0.876759  0.868189  0.873118  0.869706  0.859070  0.889535  0.875379  0.871337  0.879658  0.871792  0.903090  0.905691  0.862657  0.866592  0.895243  0.889462  0.873444  0.894617
AF217811.1_Tupaia_belangeri_mitochondrion,_complete_sequence 0.834795  0.881107  0.846299  0.816778  0.847755  0.884471  0.831775  0.872298  0.871583  0.866130  0.835203  0.832338  0.849516  0.836581  0.855627  0.836102  0.824762  0.828219  0.842252  0.832109  0.852552  0.818460  0.870937  0.830443  0.818015  0.823700  0.842684  0.875883  0.839827  0.829477  0.853864  0.853521  0.838592  0.878199  0.877184  0.000000  0.254544  0.844319  0.824344  0.812149  0.875364  0.848361  0.829839  0.841681  0.828639  0.852851  0.843890  0.878132  0.832644  0.851074  0.842302  0.877416  0.858745  0.827845  0.844008  0.882610  0.864788  0.817683  0.871861
AJ421453.1_Tupaia_belangeri_complete_mitochondrial_genome 0.843104  0.882260  0.839472  0.819140  0.848002  0.885369  0.828327  0.872128  0.872030  0.864240  0.831965  0.828765  0.849841  0.835824  0.866308  0.834236  0.821069  0.826781  0.835794  0.835064  0.850465  0.815248  0.871243  0.834197  0.818401  0.824311  0.842782  0.868798  0.837843  0.828858  0.847395  0.849702  0.836435  0.875887  0.875740  0.254571  0.000000  0.840434  0.823791  0.811635  0.876782  0.839834  0.827062  0.838057  0.826081  0.844032  0.842930  0.875938  0.832676  0.851136  0.838870  0.880432  0.855335  0.828149  0.847038  0.886467  0.864308  0.820251  0.871046
AJ428514.1_Rattus_norvegicus_complete_mitochondrial_genome,_wild-caught_animal_(Copenhagen,_Denmark) 0.839055  0.876026  0.845642  0.832779  0.849711  0.881144  0.839118  0.863019  0.878773  0.861020  0.845063  0.836812  0.851457  0.844603  0.862998  0.840810  0.834520  0.835410  0.853023  0.838788  0.859701  0.842932  0.874946  0.846231  0.828511  0.844263  0.744311  0.868770  0.841677  0.838227  0.854216  0.848150  0.843292  0.868715  0.864639  0.840543  0.841552  0.000000  0.849746  0.826342  0.880533  0.852968  0.829226  0.837479  0.831835  0.839697  0.857481  0.863343  0.841808  0.851658  0.838354  0.863674  0.863697  0.839555  0.779960  0.893468  0.869384  0.835157  0.874642
AF348080.1_Ochotona_collaris_mitochondrion,_complete_genome 0.840667  0.877664  0.842880  0.825815  0.827033  0.891364  0.836495  0.874662  0.859973  0.871887  0.838056  0.825875  0.858351  0.838069  0.849993  0.836859  0.801235  0.836875  0.843774  0.829408  0.861433  0.827790  0.861954  0.832983  0.820334  0.821141  0.851059  0.852977  0.845987  0.825815  0.856029  0.851667  0.840137  0.902185  0.872091  0.825650  0.827580  0.847596  0.000000  0.822278  0.882363  0.843336  0.801368  0.830499  0.832794  0.847337  0.847097  0.869702  0.848917  0.843333  0.819714  0.865429  0.843646  0.832857  0.837951  0.883498  0.853895  0.822091  0.879465
AJ002189.1_Sus_scrofa_complete_mitochondrial_DNA 0.813819  0.854402  0.784363  0.772985  0.797118  0.874985  0.774106  0.853852  0.849721  0.857696  0.795311  0.778036  0.848569  0.815413  0.830116  0.829881  0.818451  0.794270  0.772327  0.784541  0.842138  0.771598  0.859206  0.779959  0.769387  0.815098  0.833523  0.855766  0.804089  0.792732  0.829317  0.818241  0.801612  0.876685  0.872024  0.808853  0.809573  0.822010  0.821216  0.000000  0.871820  0.794672  0.813215  0.821856  0.757100  0.832000  0.832767  0.851244  0.810222  0.789724  0.781515  0.859260  0.836850  0.800164  0.834805  0.853100  0.856442  0.765256  0.866796
X83427.1_Ornithorhynchus_anatinus_mitochondrial_DNA,_complete_genome 0.878822  0.910952  0.890374  0.890678  0.895346  0.762985  0.877823  0.872833  0.918822  0.873169  0.883839  0.886941  0.895502  0.889712  0.892280  0.875186  0.877668  0.885265  0.885680  0.883789  0.889779  0.880869  0.909340  0.888879  0.888331  0.877792  0.882156  0.899034  0.879145  0.884694  0.893115  0.881464  0.886326  0.880988  0.862487  0.874578  0.876553  0.880993  0.879055  0.876226  0.000000  0.887551  0.878439  0.885857  0.882756  0.880039  0.896907  0.894160  0.887780  0.898973  0.884136  0.912526  0.908729  0.873838  0.897505  0.900710  0.889917  0.890032  0.912757
AJ428577.1_Ursus_maritimus_complete_mitochondrial_genome 0.834973  0.873524  0.823633  0.795649  0.779994  0.902214  0.809484  0.894460  0.884570  0.880777  0.784232  0.777612  0.865778  0.832796  0.881494  0.850780  0.847021  0.813009  0.820513  0.753817  0.867319  0.806720  0.891681  0.815959  0.804999  0.843179  0.864979  0.879127  0.830651  0.818701  0.843654  0.840609  0.850655  0.895236  0.889959  0.850370  0.848871  0.857534  0.846842  0.802118  0.895456  0.000000  0.841233  0.837439  0.805132  0.858360  0.861801  0.870308  0.842013  0.822778  0.773208  0.889123  0.856954  0.828960  0.867982  0.897670  0.870161  0.806399  0.881370
AJ001588.1_Oryctolagus_cuniculus_complete_mitochondrial_genome 0.826929  0.872220  0.836409  0.821084  0.837605  0.879158  0.826831  0.873720  0.865513  0.867999  0.831760  0.822982  0.843833  0.831850  0.865118  0.820615  0.696682  0.830109  0.840333  0.821383  0.850191  0.819457  0.877146  0.834589  0.819735  0.819764  0.846494  0.863477  0.833568  0.824881  0.841943  0.836172  0.840123  0.878905  0.873000  0.827486  0.824849  0.827442  0.799971  0.813054  0.879153  0.833979  0.000000  0.825231  0.821491  0.844575  0.837346  0.866452  0.834110  0.843911  0.832090  0.860781  0.839833  0.830685  0.848883  0.875104  0.856975  0.820334  0.877450
AJ421451.1_Lemur_catta_mitochondrion_complete_mitochondrial_genome 0.829498  0.878089  0.846166  0.826260  0.843177  0.883508  0.822829  0.875248  0.860404  0.870194  0.830305  0.826555  0.841629  0.835416  0.861175  0.821025  0.821583  0.828743  0.845239  0.829602  0.857145  0.822055  0.867939  0.834901  0.827768  0.814661  0.853983  0.859258  0.839376  0.835447  0.853453  0.842871  0.842285  0.877501  0.878203  0.832318  0.830472  0.841047  0.828541  0.821510  0.883915  0.844974  0.826350  0.000000  0.835478  0.844357  0.828348  0.854535  0.840713  0.838746  0.833109  0.860866  0.840431  0.838040  0.851723  0.882072  0.857497  0.822158  0.855854
AF010406.1_Ovis_aries_complete_mitochondrial_genome 0.820892  0.859179  0.789941  0.780405  0.802261  0.873851  0.692103  0.869781  0.861834  0.858219  0.792592  0.796095  0.848230  0.823430  0.832162  0.834500  0.823804  0.793402  0.774883  0.790672  0.840271  0.775838  0.879899  0.781649  0.785816  0.823663  0.840282  0.864866  0.815147  0.791243  0.828326  0.818433  0.832136  0.873074  0.869658  0.826943  0.823771  0.833581  0.830343  0.761393  0.883600  0.805959  0.820883  0.829916  0.000000  0.834588  0.842078  0.856178  0.822338  0.790768  0.801559  0.864219  0.853826  0.811316  0.848904  0.875974  0.855516  0.783752  0.867206
AJ421452.1_Macroscelides_proboscideus_complete_mitochondrial_genome 0.825378  0.866917  0.852933  0.831586  0.847900  0.888860  0.841541  0.880067  0.880199  0.869913  0.852614  0.847089  0.868092  0.835542  0.864907  0.842616  0.846996  0.841128  0.849720  0.837851  0.858582  0.833795  0.880648  0.846638  0.839376  0.841556  0.850939  0.875977  0.852868  0.846551  0.856328  0.857564  0.845056  0.879734  0.863207  0.853845  0.848140  0.844838  0.848834  0.832877  0.878360  0.854987  0.844194  0.844569  0.836999  0.000000  0.854984  0.850420  0.837256  0.858546  0.846201  0.891089  0.866243  0.845321  0.850939  0.884553  0.876916  0.833498  0.895897
AJ309867.1_Nycticebus_coucang_mitochondrial_genome 0.854312  0.889107  0.857263  0.835041  0.847086  0.888303  0.838844  0.887388  0.863411  0.887058  0.845482  0.845330  0.858078  0.843344  0.860231  0.851670  0.835494  0.840800  0.850555  0.843604  0.866359  0.835937  0.882233  0.843936  0.840410  0.828730  0.857170  0.864320  0.858640  0.847630  0.857013  0.865180  0.847821  0.892630  0.893222  0.848392  0.843206  0.858172  0.845334  0.837721  0.894495  0.850534  0.835529  0.824441  0.840236  0.852443  0.000000  0.882100  0.851521  0.857625  0.846789  0.870325  0.852368  0.845277  0.855483  0.888643  0.865795  0.833426  0.878159
AJ400734.2_Echinops_telfairi_complete_mitochondrial_genome 0.836140  0.893348  0.873211  0.862398  0.878021  0.900310  0.867342  0.899835  0.902904  0.900246  0.866983  0.867754  0.874905  0.860433  0.874163  0.866757  0.865559  0.862349  0.872450  0.875148  0.882800  0.866418  0.898543  0.867531  0.866866  0.865551  0.877101  0.890201  0.879880  0.881304  0.878378  0.883502  0.874139  0.892646  0.875423  0.876298  0.879320  0.867495  0.867458  0.856785  0.895850  0.864831  0.869398  0.857322  0.857433  0.854476  0.886998  0.000000  0.876411  0.879290  0.877839  0.901768  0.883407  0.859690  0.876612  0.899968  0.898681  0.874862  0.894798
AJ421450.1_Tamandua_tetradactyla_complete_mitochondrial_genome 0.832022  0.871224  0.838768  0.821466  0.843482  0.883292  0.825174  0.869859  0.879393  0.878031  0.830344  0.828981  0.871795  0.843493  0.860368  0.839735  0.840273  0.827628  0.836105  0.832774  0.862993  0.822431  0.873639  0.826071  0.817848  0.836816  0.840862  0.865076  0.844306  0.826588  0.853505  0.853055  0.820819  0.871009  0.875424  0.834482  0.832340  0.843423  0.842217  0.813640  0.886753  0.840789  0.835702  0.840651  0.824604  0.837360  0.853009  0.868436  0.000000  0.839657  0.829050  0.880018  0.848384  0.834277  0.854488  0.887389  0.868841  0.824669  0.883172
AJ277029.2_Physeter_macrocephalus_mitochondrial_genome 0.836944  0.882570  0.806125  0.802895  0.821594  0.889584  0.798083  0.886678  0.870243  0.881095  0.828714  0.816401  0.860530  0.837170  0.872937  0.863352  0.846367  0.834227  0.716479  0.812251  0.867404  0.803785  0.878837  0.782632  0.804225  0.841030  0.867611  0.867418  0.837039  0.820239  0.855507  0.846029  0.844345  0.915377  0.884904  0.855240  0.851116  0.858545  0.841978  0.791534  0.897456  0.820585  0.840629  0.838552  0.790685  0.857927  0.855444  0.877146  0.842517  0.000000  0.819092  0.869225  0.855883  0.837626  0.862329  0.898689  0.861704  0.799064  0.886214
AJ428578.2_Eumetopias_jubatus_complete_mitochondrial_genome 0.826266  0.866824  0.809363  0.788342  0.707365  0.887690  0.795893  0.871135  0.866427  0.881597  0.776897  0.779879  0.861197  0.829417  0.854773  0.842409  0.831360  0.812433  0.819006  0.720446  0.858788  0.788027  0.877238  0.804037  0.792714  0.833225  0.855186  0.864981  0.832389  0.804903  0.837487  0.832212  0.832002  0.884568  0.881560  0.852096  0.844970  0.843645  0.835272  0.791929  0.887593  0.767940  0.829349  0.831411  0.797500  0.848384  0.850270  0.878219  0.832747  0.818435  0.000000  0.866854  0.848935  0.826612  0.857274  0.875786  0.860963  0.792347  0.871575
X97707.1_Pongo_abelii_mitochondrial_genome 0.873346  0.899389  0.871427  0.855516  0.875909  0.911038  0.864043  0.913337  0.738805  0.901858  0.878324  0.869924  0.889917  0.863334  0.905457  0.877697  0.872774  0.877068  0.871681  0.871032  0.885764  0.854824  0.795517  0.864867  0.847942  0.858361  0.877959  0.709328  0.888057  0.867594  0.897057  0.890360  0.871230  0.911463  0.905227  0.877456  0.878185  0.868992  0.864098  0.857698  0.913616  0.885302  0.856181  0.861614  0.857876  0.879848  0.866166  0.904210  0.876056  0.861426  0.865691  0.000000  0.860514  0.870560  0.872495  0.908015  0.708313  0.854112  0.849527
AJ428849.1_Cynocephalus_variegatus_complete_mitochondrial_genome 0.861157  0.890073  0.851623  0.830433  0.858453  0.899684  0.852097  0.896616  0.853201  0.887143  0.848875  0.842298  0.870408  0.848573  0.887086  0.852513  0.847120  0.849908  0.847393  0.851126  0.864528  0.825556  0.863317  0.847805  0.832103  0.839940  0.869432  0.854077  0.859518  0.849629  0.863358  0.864904  0.869069  0.887396  0.903913  0.849797  0.854283  0.863065  0.842867  0.838544  0.908088  0.854243  0.838881  0.838773  0.846006  0.861448  0.851229  0.882049  0.849597  0.852529  0.848682  0.860803  0.000000  0.857154  0.871943  0.885892  0.854131  0.834034  0.883555
AF348081.1_Soriculus_fumidus_mitochondrion,_complete_genome 0.834631  0.874370  0.828032  0.807825  0.827898  0.885073  0.812230  0.878313  0.871882  0.868328  0.811171  0.808108  0.853598  0.840067  0.843289  0.836137  0.830436  0.796279  0.827394  0.819583  0.855394  0.810271  0.878078  0.831574  0.809091  0.829673  0.840450  0.876397  0.827978  0.813366  0.840074  0.837452  0.840696  0.877555  0.859530  0.832486  0.832562  0.840457  0.821774  0.802582  0.876854  0.825939  0.831324  0.839603  0.810052  0.842672  0.844591  0.857151  0.834562  0.837028  0.821121  0.877190  0.857454  0.000000  0.846105  0.864886  0.857871  0.810313  0.875818
AF348082.1_Microtus_kikuchii_mitochondrion,_complete_genome 0.851824  0.895583  0.870181  0.839532  0.861927  0.886451  0.849257  0.863159  0.870587  0.869410  0.853366  0.848789  0.861105  0.858130  0.870462  0.848342  0.849867  0.843454  0.856136  0.847393  0.866336  0.842628  0.880205  0.852766  0.845999  0.852571  0.795073  0.878097  0.856706  0.843758  0.871595  0.861113  0.869340  0.876460  0.879732  0.846935  0.850497  0.786618  0.833556  0.843567  0.896275  0.858085  0.858393  0.853409  0.848156  0.853925  0.852478  0.877635  0.854208  0.859370  0.851995  0.878501  0.869783  0.845108  0.000000  0.902584  0.862720  0.845606  0.889017
X88898.2_Erinaceus_europaeus_complete_mitochondrial_DNA_sequence 0.874000  0.907650  0.885219  0.886748  0.892929  0.910129  0.876370  0.921945  0.922073  0.898109  0.885996  0.879969  0.890618  0.893342  0.865391  0.879197  0.872793  0.884627  0.894721  0.874718  0.891446  0.884310  0.916808  0.883517  0.887657  0.880719  0.886024  0.899503  0.880788  0.879903  0.887918  0.885201  0.883975  0.891459  0.896763  0.892599  0.892116  0.894616  0.883083  0.873295  0.899974  0.888765  0.878839  0.884050  0.873272  0.882695  0.897389  0.896120  0.896799  0.904045  0.878956  0.909730  0.897018  0.865927  0.898103  0.000000  0.888163  0.874133  0.904725
X93347.1_Gorilla_gorilla_gorilla_mitochondrial_DNA._complete_genome 0.870120  0.912845  0.872454  0.849182  0.879668  0.896375  0.860358  0.891989  0.727826  0.888343  0.867403  0.866336  0.880851  0.868708  0.912008  0.862736  0.866751  0.866670  0.873015  0.858579  0.887542  0.843687  0.795305  0.858670  0.851029  0.852717  0.873189  0.635718  0.874967  0.852783  0.879914  0.881932  0.861846  0.909693  0.903759  0.869557  0.867046  0.871694  0.849903  0.855197  0.897738  0.864934  0.863458  0.860666  0.858868  0.881012  0.867610  0.900371  0.868055  0.865885  0.854837  0.711683  0.861358  0.870599  0.862016  0.885425  0.000000  0.840633  0.855531
Y07726.1_Ceratotherium_simum_complete_mitochondrial_DNA_sequence 0.816827  0.854537  0.795902  0.732675  0.790491  0.889160  0.779284  0.872214  0.840734  0.866386  0.790213  0.776330  0.855824  0.817186  0.855434  0.836383  0.821328  0.796402  0.786748  0.781904  0.849171  0.660898  0.859361  0.785066  0.728599  0.822492  0.844563  0.844198  0.808239  0.788490  0.827472  0.812564  0.828915  0.880361  0.876870  0.817802  0.821550  0.833550  0.821497  0.765613  0.899063  0.804779  0.818443  0.825623  0.777090  0.836668  0.838427  0.863050  0.825970  0.796867  0.789134  0.853044  0.828320  0.809515  0.845559  0.870164  0.840445  0.000000  0.861754
AJ309866.1_Cebus_albifrons_mitochondrial_genome 0.875206  0.890864  0.882521  0.865160  0.880814  0.904048  0.862474  0.894134  0.842617  0.894024  0.881569  0.869787  0.890687  0.878773  0.902225  0.879916  0.876711  0.879823  0.880238  0.867262  0.893540  0.861178  0.862123  0.872250  0.863410  0.859937  0.888992  0.843096  0.875253  0.866309  0.875623  0.884335  0.881391  0.902143  0.898785  0.871174  0.874392  0.875295  0.877052  0.872005  0.912711  0.875546  0.877210  0.856973  0.864766  0.891435  0.867048  0.900026  0.875672  0.876188  0.869643  0.847814  0.882610  0.879487  0.882411  0.904449  0.849967  0.862108  0.000000
