59
Y18475.1_Orycteropus_afer_complete_mitochondrial_genome 0.000000 0.806339 0.789359 0.755575 0.810439 0.862484 0.760166 0.835602 0.843682 0.850679 0.773511 0.772639 0.823787 0.752124 0.821600 0.788369 0.785543 0.789967 0.799956 0.776737 0.827941 0.756012 0.862702 0.768040 0.762571 0.763554 0.812199 0.860516 0.784481 0.782247 0.839965 0.788991 0.786675 0.830058 0.829649 0.796060 0.795622 0.787713 0.790503 0.771535 0.837756 0.793043 0.771509 0.772361 0.773721 0.770879 0.819633 0.819414 0.788588 0.815916 0.761728 0.862265 0.818419 0.777562 0.816791 0.853695 0.830423 0.764757 0.845649
AJ224821.1_Loxodonta_africana_complete_mitochondrial_genomic_sequence 0.800000 0.000000 0.818142 0.828197 0.834462 0.907322 0.826448 0.864550 0.883934 0.880845 0.825224 0.819105 0.866667 0.790242 0.854645 0.833224 0.818855 0.844057 0.845246 0.840558 0.858142 0.812240 0.872131 0.826248 0.821421 0.837134 0.861202 0.868852 0.835191 0.833661 0.847213 0.838576 0.821398 0.873677 0.873212 0.840875 0.862159 0.839126 0.839708 0.815738 0.893851 0.828913 0.842629 0.832427 0.829508 0.817049 0.869290 0.855738 0.840656 0.858142 0.817805 0.894208 0.854561 0.857977 0.856175 0.881247 0.872108 0.803934 0.883934
Y19184.1_Lama_pacos_complete_mitochondrial_genome 0.782599 0.825120 0.000000 0.713040 0.761230 0.887266 0.720890 0.849644 0.851723 0.847016 0.740951 0.732656 0.843000 0.787192 0.841474 0.831880 0.768996 0.745966 0.738334 0.735352 0.804623 0.722416 0.849760 0.686505 0.712822 0.774096 0.824466 0.826210 0.760576 0.750981 0.790231 0.782381 0.777344 0.869359 0.858257 0.803421 0.784135 0.807021 0.788784 0.710205 0.852643 0.760217 0.787289 0.801088 0.719145 0.805277 0.811819 0.843655 0.800262 0.729830 0.732665 0.852159 0.810799 0.757026 0.821849 0.871636 0.831880 0.744003 0.861753
X97337.1_Equus_asinus_complete_mitochondrial_genome 0.757543 0.807650 0.721980 0.000000 0.732256 0.848352 0.695385 0.851372 0.807692 0.847231 0.710015 0.723147 0.829359 0.741015 0.818022 0.783516 0.759417 0.722574 0.709011 0.700065 0.800745 0.625934 0.840000 0.702202 0.350624 0.732358 0.794066 0.809868 0.746230 0.695890 0.778313 0.766710 0.774740 0.827683 0.864759 0.762070 0.758778 0.771491 0.758702 0.688352 0.849622 0.729130 0.750540 0.764091 0.692088 0.786860 0.778362 0.813846 0.762198 0.738681 0.706088 0.820440 0.768561 0.738867 0.789231 0.884665 0.798123 0.599344 0.832308
AJ428576.2_Odobenus_rosmarus_rosmarus_complete_mitochondrial_genome 0.809565 0.844289 0.775403 0.753003 0.000000 0.883381 0.758244 0.869302 0.870059 0.869425 0.704779 0.706505 0.852806 0.792420 0.861760 0.837082 0.806009 0.774482 0.772003 0.619909 0.871151 0.734221 0.882507 0.759320 0.730727 0.785069 0.859140 0.842760 0.790347 0.760428 0.809347 0.816554 0.808160 0.881667 0.890767 0.819874 0.816862 0.813060 0.807692 0.749290 0.874649 0.703696 0.799611 0.783678 0.755842 0.816991 0.808255 0.841887 0.829657 0.784888 0.597207 0.868312 0.816460 0.778642 0.829657 0.891927 0.854212 0.719808 0.885346
AJ303116.1_Tachyglossus_aculeatus_complete_mitochondrial_genome 0.869480 0.934426 0.895770 0.887253 0.875737 0.000000 0.891102 0.861525 0.915769 0.849386 0.901593 0.879620 0.887989 0.868874 0.923366 0.879568 0.872197 0.904471 0.911590 0.888042 0.889741 0.866813 0.951375 0.892958 0.898227 0.865749 0.869854 0.911184 0.885246 0.871885 0.887185 0.891437 0.886068 0.871086 0.861942 0.869019 0.876246 0.872149 0.874946 0.883895 0.679396 0.887609 0.884349 0.876823 0.891117 0.889475 0.891590 0.907770 0.866755 0.892558 0.880864 0.932200 0.913564 0.874406 0.887561 0.922683 0.900262 0.883589 0.917219
V00654.1_Bos_taurus_complete_mitochondrial_genome 0.784871 0.844153 0.745312 0.718462 0.755842 0.861000 0.000000 0.832793 0.826479 0.853911 0.746454 0.749730 0.817764 0.801133 0.818463 0.811317 0.792728 0.743293 0.700242 0.736005 0.830338 0.710769 0.830803 0.702856 0.723791 0.751506 0.811972 0.808114 0.774863 0.730214 0.794085 0.788991 0.779514 0.837832 0.838968 0.806668 0.799957 0.800439 0.777396 0.699273 0.839051 0.751304 0.783831 0.778890 0.548160 0.774995 0.798073 0.810698 0.776766 0.747248 0.740345 0.825088 0.794905 0.767618 0.801728 0.840026 0.809472 0.718600 0.847903
AF357238.1_Trichosurus_vulpecula_mitochondrion,_complete_genome 0.840570 0.868222 0.854828 0.858501 0.848779 0.844675 0.829769 0.000000 0.859365 0.672915 0.822208 0.812919 0.881832 0.864550 0.877727 0.836034 0.835818 0.825016 0.850076 0.844675 0.840786 0.827825 0.863901 0.855260 0.827609 0.838210 0.833009 0.863685 0.830633 0.836034 0.845971 0.875567 0.829121 0.732239 0.705552 0.835818 0.845323 0.810974 0.831113 0.814431 0.837972 0.853100 0.833009 0.835386 0.853748 0.845539 0.864550 0.864550 0.826960 0.854180 0.838194 0.864766 0.872975 0.838626 0.831713 0.893208 0.855476 0.823504 0.876215
X99256.1_Hylobates_lar_complete_mitochondrial_DNA_sequence 0.839746 0.895301 0.845835 0.817582 0.844726 0.900594 0.828898 0.875567 0.000000 0.876320 0.817587 0.860169 0.863925 0.835983 0.892457 0.840994 0.853473 0.836859 0.834836 0.808538 0.857738 0.814066 0.723114 0.829082 0.796892 0.815404 0.864966 0.602193 0.855738 0.811106 0.880394 0.871778 0.835069 0.894191 0.884049 0.841741 0.841786 0.839912 0.818651 0.810864 0.932902 0.837609 0.842845 0.821328 0.848472 0.877170 0.847788 0.896635 0.842314 0.840774 0.831551 0.633605 0.825169 0.842629 0.835936 0.917770 0.591227 0.812691 0.824280
Y10524.1_Macropus_robustus_complete_mitochondrial_genome 0.848739 0.871364 0.850679 0.842922 0.856496 0.836027 0.852187 0.672915 0.883861 0.000000 0.829347 0.831071 0.872226 0.850679 0.878474 0.850463 0.869856 0.849170 0.862099 0.819651 0.848739 0.839905 0.883430 0.832364 0.837966 0.839071 0.827623 0.883861 0.856066 0.829778 0.857574 0.868132 0.846154 0.744236 0.733463 0.843353 0.847016 0.818143 0.852170 0.828485 0.835596 0.848524 0.834087 0.841844 0.831286 0.814911 0.866624 0.876320 0.845723 0.865762 0.841413 0.884723 0.864684 0.834734 0.842275 0.896198 0.870502 0.836458 0.879983
U96639.2_Canis_familiaris_mitochondrion,_complete_genome 0.779184 0.825442 0.739860 0.705870 0.696269 0.874100 0.728126 0.826096 0.837661 0.833441 0.000000 0.673222 0.797294 0.791331 0.818241 0.796422 0.763553 0.727372 0.742527 0.668482 0.814314 0.706088 0.874100 0.737955 0.703688 0.748709 0.809295 0.838534 0.765656 0.756055 0.783111 0.763910 0.795139 0.830922 0.841569 0.782420 0.783919 0.789221 0.780404 0.713506 0.864725 0.704565 0.756809 0.775408 0.725944 0.790312 0.799913 0.826096 0.781802 0.782021 0.677940 0.854026 0.802961 0.741677 0.805149 0.879966 0.816714 0.699978 0.872791
U20753.1_Felis_catus_mitochondrion,_complete_genome 0.784526 0.824941 0.759671 0.734817 0.721850 0.905554 0.750162 0.828257 0.864275 0.826977 0.717744 0.000000 0.812405 0.802032 0.840285 0.806138 0.785606 0.742814 0.764426 0.708883 0.831640 0.704992 0.869246 0.758375 0.707586 0.761403 0.818673 0.852172 0.769829 0.747785 0.781716 0.761833 0.804193 0.858130 0.849146 0.790145 0.796412 0.827318 0.789858 0.724227 0.888457 0.697644 0.785822 0.784958 0.749081 0.822779 0.837476 0.832073 0.812622 0.776529 0.726605 0.863843 0.806354 0.759888 0.825373 0.888723 0.827966 0.705857 0.867085
AJ222767.1_Cavia_porcellus_complete_mitochondrial_genome 0.807171 0.863169 0.844963 0.821702 0.832496 0.875738 0.801356 0.858501 0.853424 0.856281 0.795112 0.803544 0.000000 0.797648 0.850799 0.817327 0.803832 0.802399 0.799387 0.807232 0.803107 0.817983 0.878364 0.815566 0.834609 0.793460 0.851455 0.854299 0.826011 0.807171 0.837235 0.823722 0.817274 0.856187 0.867360 0.812947 0.808192 0.816889 0.805114 0.835047 0.868824 0.831522 0.809555 0.781937 0.805513 0.813389 0.842266 0.827828 0.837016 0.814045 0.818460 0.878364 0.838450 0.811500 0.815358 0.879752 0.834788 0.816014 0.873988
AJ421723.1_Dugong_dugon_complete_mitochondrial_genome 0.753431 0.821172 0.788499 0.747550 0.774341 0.861250 0.776519 0.868438 0.833370 0.842922 0.776737 0.770478 0.807232 0.000000 0.871706 0.802222 0.767690 0.778480 0.803746 0.757351 0.845350 0.761272 0.866914 0.767807 0.761926 0.768287 0.823350 0.846221 0.800697 0.793291 0.813330 0.812895 0.797309 0.862665 0.861725 0.783936 0.794105 0.793509 0.783412 0.759312 0.875297 0.780000 0.771725 0.771055 0.767589 0.763886 0.796123 0.841647 0.796341 0.800261 0.757787 0.832716 0.796212 0.805664 0.800697 0.872704 0.843171 0.780440 0.855369
AF348079.1_Echinosorex_gymnura_mitochondrion,_complete_genome 0.822912 0.863607 0.839294 0.821319 0.843416 0.894655 0.809408 0.866062 0.911810 0.858867 0.824569 0.797925 0.853424 0.851448 0.000000 0.844122 0.821250 0.800872 0.841654 0.816598 0.856861 0.818681 0.901210 0.858295 0.827971 0.804002 0.834585 0.898246 0.806339 0.829034 0.821468 0.835955 0.841146 0.828331 0.856307 0.834813 0.838318 0.809649 0.845294 0.799956 0.860194 0.856087 0.828578 0.833079 0.805158 0.833443 0.854139 0.846137 0.836131 0.860194 0.816059 0.901723 0.864141 0.790099 0.840769 0.841307 0.888913 0.824508 0.902428
AJ238588.1_Sciurus_vulgaris_complete_mitochondrial_genome 0.792304 0.833005 0.802660 0.780220 0.808910 0.864597 0.788199 0.830201 0.863646 0.835596 0.770456 0.794467 0.819077 0.802657 0.848305 0.000000 0.764206 0.832061 0.815263 0.791766 0.812144 0.771648 0.855446 0.798125 0.770847 0.757530 0.790401 0.842105 0.797814 0.793616 0.794304 0.797947 0.784288 0.822501 0.819246 0.802338 0.798223 0.818640 0.770305 0.767944 0.848759 0.797826 0.739300 0.805876 0.786218 0.798066 0.820193 0.825006 0.787759 0.824527 0.789439 0.876486 0.809275 0.794855 0.793043 0.866724 0.814491 0.777899 0.841920
AJ421471.1_Lepus_europaeus_complete_mitochondrial_genome 0.787503 0.838885 0.779447 0.771174 0.804485 0.873503 0.779882 0.851156 0.860222 0.858220 0.764206 0.766804 0.797300 0.780753 0.817766 0.766384 0.000000 0.770085 0.806445 0.774875 0.804267 0.768125 0.837143 0.779447 0.768561 0.759682 0.783148 0.841062 0.787720 0.787938 0.813412 0.804050 0.794705 0.839991 0.851972 0.760338 0.760078 0.783366 0.728191 0.755497 0.847465 0.793478 0.601167 0.752775 0.761376 0.791204 0.793599 0.804485 0.803832 0.805138 0.774657 0.847159 0.801872 0.778426 0.823862 0.837249 0.802090 0.772915 0.856956
Y19192.1_Talpa_europaea_complete_mitochondrial_genome 0.796074 0.841439 0.776930 0.739368 0.767285 0.882879 0.736750 0.835170 0.848637 0.868994 0.733261 0.717311 0.804580 0.774123 0.792148 0.805234 0.774004 0.000000 0.762268 0.731431 0.822465 0.719520 0.856707 0.773272 0.716031 0.756024 0.806325 0.844057 0.743948 0.738713 0.812650 0.769684 0.785156 0.860721 0.847638 0.771163 0.768531 0.778408 0.779974 0.738277 0.868177 0.751522 0.781885 0.782590 0.716903 0.800436 0.819193 0.823337 0.772519 0.810033 0.776445 0.873937 0.803179 0.718980 0.792366 0.858607 0.808070 0.732824 0.843402
X61145.1_Balaenoptera_physalus_mitochondrial_complete_genome 0.779624 0.845683 0.747710 0.714505 0.758681 0.886739 0.705520 0.851588 0.834396 0.845507 0.742745 0.748865 0.799825 0.816598 0.844293 0.807785 0.794470 0.764885 0.000000 0.763232 0.825077 0.727473 0.830658 0.689775 0.708470 0.773666 0.832197 0.825439 0.762404 0.763008 0.794085 0.780253 0.781901 0.874757 0.867360 0.799307 0.795405 0.808991 0.790073 0.696063 0.856095 0.746522 0.792261 0.783025 0.681328 0.804439 0.822821 0.814383 0.789092 0.606994 0.768274 0.853530 0.804050 0.782966 0.823840 0.860957 0.825622 0.713786 0.859908
X72004.1_Halichoerus_grypus_complete_mitochondrial_genome 0.767807 0.840340 0.741668 0.693531 0.627532 0.867567 0.733174 0.841866 0.811370 0.817712 0.668482 0.666955 0.807667 0.760836 0.836419 0.799608 0.763118 0.748421 0.758005 0.000000 0.811152 0.698976 0.825746 0.759747 0.705075 0.753227 0.802222 0.826182 0.772381 0.731867 0.794380 0.773034 0.775174 0.848413 0.853273 0.777658 0.777633 0.788717 0.771379 0.715748 0.856311 0.651739 0.765240 0.765180 0.716184 0.776737 0.798737 0.837726 0.781311 0.753213 0.636680 0.835112 0.793164 0.759620 0.792202 0.862666 0.792638 0.706382 0.842736
AJ301644.1_Thryonomys_swinderianus_complete_mitochondrial_genome 0.826192 0.868415 0.800916 0.797457 0.825726 0.875274 0.803814 0.860013 0.860149 0.831071 0.800131 0.798574 0.808795 0.810934 0.852258 0.808856 0.802961 0.810251 0.831872 0.800915 0.000000 0.807321 0.866506 0.842381 0.797986 0.788941 0.803157 0.864095 0.817486 0.810013 0.824973 0.812363 0.812066 0.838264 0.854573 0.806235 0.803208 0.805349 0.833047 0.793950 0.859115 0.827174 0.796368 0.811099 0.822446 0.804691 0.832895 0.835818 0.832968 0.818501 0.815187 0.870671 0.813629 0.811716 0.814336 0.864161 0.852903 0.798468 0.885357
X97336.1_Rhinoceros_unicornis_complete_mitochondrial_genome 0.763008 0.827978 0.733755 0.611648 0.725704 0.868571 0.709890 0.834738 0.814725 0.853695 0.728562 0.720769 0.824109 0.762361 0.799121 0.779121 0.774222 0.734133 0.732308 0.689174 0.821131 0.000000 0.836484 0.719642 0.604509 0.748279 0.816044 0.817763 0.746011 0.702011 0.757722 0.749235 0.782118 0.834161 0.847421 0.763802 0.757694 0.800658 0.767512 0.714505 0.856311 0.730435 0.750973 0.759304 0.703297 0.791914 0.794131 0.843077 0.771868 0.733626 0.707179 0.815824 0.769214 0.737138 0.796703 0.875267 0.786993 0.497155 0.835604
Y18001.1_Papio_hamadryas_mitochondrial_DNA,_complete_genome 0.870573 0.873224 0.847143 0.821758 0.864162 0.910231 0.845545 0.875567 0.710578 0.872010 0.864936 0.838340 0.864800 0.846874 0.896150 0.852585 0.839974 0.858670 0.821861 0.830538 0.864095 0.816484 0.000000 0.832570 0.812213 0.834337 0.892409 0.702412 0.861858 0.840621 0.849726 0.880734 0.841580 0.882963 0.890767 0.854514 0.828782 0.842982 0.826816 0.824642 0.908306 0.849565 0.825551 0.836344 0.834323 0.842672 0.846255 0.871947 0.849065 0.834103 0.819769 0.714851 0.822774 0.855815 0.846865 0.913071 0.702095 0.838293 0.812321
AJ010957.1_Hippopotamus_amphibius_complete_mitochondrial_DNA_sequence 0.791367 0.815784 0.696752 0.715064 0.764116 0.888598 0.724657 0.851156 0.827338 0.854773 0.747765 0.751891 0.815348 0.788499 0.880096 0.805101 0.798824 0.757794 0.700458 0.739490 0.852627 0.710486 0.861347 0.000000 0.716154 0.800129 0.820798 0.841509 0.779376 0.763462 0.809026 0.789187 0.797526 0.882963 0.878414 0.789781 0.784785 0.793329 0.776107 0.712230 0.865588 0.748478 0.792693 0.788901 0.711794 0.814258 0.814476 0.836494 0.775016 0.698278 0.737737 0.852409 0.806662 0.776048 0.816002 0.871850 0.795509 0.705690 0.887072
X79547.1_Equus_caballus_mitochondrial_DNA_complete_sequence 0.773284 0.819672 0.727431 0.405997 0.740118 0.877435 0.701904 0.844675 0.801707 0.845076 0.715907 0.709099 0.821702 0.768460 0.820092 0.787262 0.769867 0.735442 0.716787 0.704422 0.803239 0.648501 0.841979 0.717898 0.000000 0.748064 0.815058 0.819435 0.750383 0.710319 0.781790 0.776977 0.780382 0.855539 0.867794 0.762286 0.762029 0.787262 0.771594 0.689866 0.877023 0.739783 0.787505 0.773667 0.707157 0.792077 0.787262 0.827096 0.762968 0.758591 0.724853 0.817028 0.786632 0.744272 0.812213 0.862025 0.794631 0.629322 0.831911
AF348159.1_Cephalopachus_bancanus_mitochondrion,_complete_genome 0.758821 0.833262 0.781196 0.739028 0.787435 0.864888 0.761833 0.837780 0.831540 0.851334 0.756024 0.751076 0.797762 0.777324 0.824225 0.788081 0.756454 0.757960 0.768287 0.752151 0.810886 0.757315 0.844019 0.783348 0.748279 0.000000 0.799914 0.821213 0.787220 0.766136 0.806799 0.801205 0.786790 0.835843 0.840361 0.772806 0.779475 0.781411 0.746670 0.763554 0.840577 0.785284 0.747633 0.737737 0.767642 0.788511 0.761833 0.828528 0.776893 0.797978 0.766566 0.819923 0.800990 0.769148 0.805508 0.847287 0.792814 0.763339 0.839931
J01420.1_Mouse_mitochondrion,_complete_genome 0.804329 0.870164 0.811601 0.794505 0.839921 0.863878 0.796840 0.829337 0.847152 0.826977 0.795985 0.807435 0.842048 0.823350 0.831493 0.814839 0.788156 0.777972 0.827799 0.810717 0.814555 0.803297 0.882508 0.822978 0.807398 0.780336 0.000000 0.860307 0.809399 0.825317 0.811610 0.825470 0.826606 0.834377 0.863242 0.787616 0.785002 0.635088 0.807477 0.787839 0.858684 0.808043 0.796368 0.802176 0.793035 0.789717 0.818660 0.841514 0.807863 0.831352 0.813441 0.871246 0.832136 0.785776 0.714665 0.878898 0.864906 0.796718 0.869536
X93334.1_Homo_sapiens_mitochondrial_DNA,_complete_genome 0.923699 0.900984 0.827519 0.839035 0.845599 0.917105 0.842544 0.862821 0.610965 0.860806 0.846607 0.838772 0.869175 0.906774 0.911404 0.848684 0.842151 0.834896 0.832237 0.827489 0.872424 0.819956 0.740351 0.860475 0.815933 0.824225 0.872588 0.000000 0.853552 0.833843 0.860460 0.859546 0.822700 0.906500 0.909189 0.848019 0.840269 0.837939 0.810915 0.817982 0.915210 0.849783 0.830739 0.833297 0.872368 0.876535 0.842970 0.897149 0.855263 0.858991 0.840279 0.586842 0.821250 0.872028 0.849342 0.908372 0.467918 0.811597 0.813158
AF061340.1_Artibeus_jamaicensis_mitochondrial_DNA,_complete_genome 0.773989 0.838907 0.751853 0.739454 0.781175 0.862732 0.762842 0.828473 0.849180 0.836027 0.769801 0.742166 0.808087 0.800697 0.806557 0.796066 0.775528 0.751145 0.760874 0.756480 0.810492 0.742295 0.866885 0.774580 0.742732 0.776033 0.829071 0.842404 0.000000 0.734208 0.790164 0.759065 0.797309 0.838264 0.833117 0.781554 0.783919 0.799563 0.800602 0.739672 0.848112 0.767609 0.777562 0.784331 0.749508 0.815082 0.825355 0.837596 0.799344 0.777923 0.767619 0.867541 0.816460 0.761997 0.805464 0.857753 0.823658 0.717814 0.853115
AF321050.1_Pteropus_scapulatus_mitochondrial_DNA,_complete_genome 0.782247 0.837377 0.762102 0.691517 0.748853 0.852427 0.722125 0.838626 0.810232 0.825684 0.733144 0.728334 0.804329 0.808756 0.817446 0.800612 0.781189 0.744166 0.761697 0.734481 0.816135 0.708352 0.844119 0.752998 0.692392 0.788081 0.811325 0.830783 0.741639 0.000000 0.795802 0.750109 0.779080 0.849277 0.854140 0.774194 0.769181 0.779405 0.789858 0.717753 0.864293 0.780000 0.776481 0.773885 0.715785 0.799519 0.811325 0.831220 0.777219 0.757543 0.729871 0.818758 0.801219 0.768266 0.795802 0.848569 0.808162 0.698076 0.840621
AJ421454.1_Manis_tetradactyla_complete_mitochondrial_genome 0.816572 0.860546 0.799389 0.778313 0.808473 0.879518 0.780066 0.842515 0.873384 0.854126 0.772856 0.762697 0.835485 0.820518 0.827382 0.806791 0.807969 0.796292 0.811829 0.797430 0.823001 0.771961 0.869660 0.791149 0.763843 0.785714 0.812924 0.849945 0.815956 0.783778 0.000000 0.795325 0.813802 0.851220 0.861942 0.811864 0.798006 0.814239 0.823807 0.788609 0.870550 0.784565 0.790532 0.823286 0.770646 0.823001 0.828953 0.836583 0.820811 0.805257 0.783548 0.884556 0.831265 0.785560 0.829792 0.877403 0.838062 0.767615 0.886966
AF321051.1_Chalinolobus_tuberculatus_mitochondrial_DNA,_complete_genome 0.781782 0.840979 0.779983 0.761468 0.791221 0.884666 0.768458 0.847699 0.857361 0.857358 0.761946 0.752972 0.829183 0.799390 0.825688 0.804500 0.794034 0.772519 0.778287 0.798083 0.811490 0.738314 0.885758 0.778286 0.761686 0.791308 0.812145 0.842726 0.757973 0.762123 0.792267 0.000000 0.829210 0.824228 0.857391 0.803204 0.801257 0.796855 0.800602 0.781564 0.861704 0.770217 0.776697 0.782590 0.760813 0.803189 0.825251 0.854085 0.817824 0.806684 0.765437 0.854303 0.817984 0.765456 0.809742 0.855831 0.829987 0.732853 0.863041
Y11832.1_Dasypus_novemcinctus_complete_mitochondrial_genome 0.785373 0.851345 0.784288 0.835938 0.779514 0.865668 0.810547 0.826960 0.851562 0.834734 0.814236 0.848066 0.820530 0.823351 0.838976 0.855469 0.796875 0.812934 0.837457 0.907552 0.828993 0.829427 0.861111 0.795356 0.802951 0.782057 0.815538 0.847873 0.807292 0.808594 0.815321 0.837891 0.000000 0.853811 0.869094 0.812081 0.801257 0.806207 0.801461 0.763238 0.880043 0.816623 0.797449 0.779080 0.813585 0.803602 0.818359 0.848524 0.753906 0.825521 0.795356 0.883247 0.824870 0.788154 0.836589 0.861598 0.864149 0.795573 0.883247
Z29573.1_Didelphis_virginiana_complete_mitochondrial_genome 0.823148 0.861369 0.870438 0.836752 0.858562 0.858778 0.857914 0.722522 0.914705 0.742728 0.828979 0.832650 0.862665 0.849924 0.834377 0.828763 0.832002 0.839991 0.857482 0.848413 0.847117 0.842799 0.906500 0.875621 0.860289 0.833477 0.852300 0.885986 0.842799 0.845174 0.841287 0.828547 0.848845 0.000000 0.726625 0.861153 0.863528 0.830058 0.867856 0.848845 0.849838 0.851868 0.850140 0.843230 0.843878 0.826819 0.857266 0.857698 0.843878 0.878212 0.857050 0.910387 0.865040 0.841287 0.836968 0.860316 0.855107 0.850356 0.881019
AF358864.1_Isoodon_macrourus_mitochondrion,_complete_genome 0.826181 0.881014 0.852622 0.856740 0.866493 0.854140 0.853273 0.696911 0.892501 0.718811 0.838101 0.834882 0.862159 0.872345 0.840702 0.828349 0.841569 0.827915 0.859341 0.856307 0.864759 0.841136 0.889467 0.863893 0.849155 0.845525 0.843520 0.912657 0.824881 0.865193 0.856740 0.854356 0.840702 0.749514 0.000000 0.868803 0.867143 0.833984 0.840138 0.843520 0.821791 0.863893 0.833982 0.841352 0.845037 0.852406 0.863026 0.859558 0.843520 0.884482 0.859558 0.889684 0.894452 0.841332 0.831816 0.872490 0.874512 0.840052 0.889900
AF217811.1_Tupaia_belangeri_mitochondrion,_complete_sequence 0.786534 0.847370 0.807318 0.752977 0.797142 0.847370 0.785235 0.852884 0.840009 0.831071 0.776359 0.766371 0.808400 0.776359 0.840442 0.794761 0.745832 0.757090 0.794328 0.776575 0.807534 0.744966 0.845421 0.783503 0.748430 0.754948 0.783719 0.846937 0.792812 0.764884 0.796493 0.814246 0.799307 0.845390 0.855163 0.000000 0.018402 0.790647 0.763429 0.747997 0.849838 0.796276 0.776048 0.797575 0.767699 0.801905 0.796276 0.858844 0.784802 0.808617 0.779606 0.848669 0.814246 0.765672 0.782637 0.866510 0.802555 0.756874 0.844555
AJ421453.1_Tupaia_belangeri_complete_mitochondrial_genome 0.794105 0.851105 0.783052 0.749892 0.798873 0.855657 0.773082 0.850724 0.839619 0.826546 0.771998 0.762049 0.809276 0.779584 0.836584 0.790637 0.742956 0.753143 0.773515 0.780017 0.798873 0.736021 0.848071 0.785002 0.749025 0.759466 0.783919 0.840919 0.780017 0.764846 0.788253 0.806242 0.792154 0.851652 0.842870 0.017753 0.000000 0.790204 0.759347 0.743173 0.853290 0.794105 0.767618 0.780234 0.770048 0.799090 0.798656 0.857824 0.802341 0.806892 0.777633 0.848071 0.803424 0.768915 0.784569 0.864801 0.798006 0.755960 0.847854
AJ428514.1_Rattus_norvegicus_complete_mitochondrial_genome,_wild-caught_animal_(Copenhagen,_Denmark) 0.824005 0.851148 0.803532 0.824342 0.823324 0.876974 0.812061 0.829985 0.870614 0.840983 0.815841 0.802896 0.818420 0.804836 0.843860 0.834649 0.785325 0.795202 0.826535 0.795687 0.820693 0.835526 0.858333 0.818618 0.786387 0.799269 0.673246 0.852412 0.805027 0.792960 0.819058 0.813456 0.798828 0.851652 0.851756 0.807751 0.821630 0.000000 0.813494 0.783553 0.866235 0.838261 0.799611 0.805441 0.801316 0.802193 0.822164 0.829605 0.826974 0.825877 0.793149 0.844737 0.835184 0.805664 0.704167 0.883170 0.832606 0.805470 0.873684
AF348080.1_Ochotona_collaris_mitochondrion,_complete_genome 0.790503 0.837989 0.807692 0.769661 0.788354 0.850451 0.787924 0.834551 0.812849 0.844435 0.779544 0.759562 0.804469 0.791362 0.850451 0.795445 0.722819 0.786205 0.793081 0.765578 0.820799 0.770090 0.829179 0.772454 0.767942 0.742157 0.815642 0.819080 0.806618 0.765578 0.830039 0.796949 0.778255 0.863343 0.848088 0.770735 0.773528 0.796734 0.000000 0.763214 0.879673 0.792007 0.724753 0.776536 0.773528 0.789214 0.800817 0.824022 0.793511 0.800602 0.771809 0.829394 0.795230 0.772454 0.777611 0.855831 0.792437 0.758487 0.875376
AJ002189.1_Sus_scrofa_complete_mitochondrial_DNA 0.755575 0.804372 0.699956 0.706813 0.720026 0.850848 0.721084 0.806222 0.797229 0.829778 0.700415 0.696780 0.802888 0.738183 0.791584 0.794804 0.738733 0.745474 0.674511 0.707907 0.789566 0.700000 0.812321 0.719206 0.683519 0.738812 0.778806 0.800000 0.754317 0.726279 0.793428 0.768458 0.736762 0.839344 0.846337 0.741719 0.750542 0.761404 0.772454 0.000000 0.846818 0.726304 0.741677 0.756474 0.716017 0.782685 0.781209 0.804094 0.736946 0.710480 0.690596 0.829698 0.767255 0.734976 0.778365 0.833618 0.788302 0.701094 0.827275
X83427.1_Ornithorhynchus_anatinus_mitochondrial_DNA,_complete_genome 0.843581 0.900971 0.866882 0.880259 0.885868 0.715858 0.868608 0.840992 0.920820 0.852187 0.876375 0.866019 0.884790 0.876375 0.863215 0.850054 0.849407 0.866667 0.859115 0.854800 0.861057 0.874434 0.912406 0.866019 0.868608 0.866179 0.858468 0.902050 0.852427 0.875512 0.874218 0.851133 0.858468 0.853506 0.822222 0.856742 0.857605 0.860841 0.872583 0.865804 0.000000 0.877023 0.845955 0.853506 0.868177 0.842071 0.880690 0.859763 0.875512 0.897087 0.866882 0.911974 0.897950 0.848328 0.875944 0.881888 0.878533 0.877886 0.904854
AJ428577.1_Ursus_maritimus_complete_mitochondrial_genome 0.800870 0.849783 0.780870 0.727826 0.700217 0.889783 0.746957 0.872111 0.851087 0.853911 0.703696 0.691161 0.838696 0.781087 0.852826 0.811304 0.777174 0.752174 0.763043 0.652174 0.843913 0.752174 0.880000 0.773696 0.757174 0.781411 0.839565 0.851087 0.779565 0.787826 0.796304 0.793043 0.834201 0.885986 0.884482 0.808833 0.807109 0.832826 0.800387 0.736957 0.878101 0.000000 0.797665 0.797609 0.760652 0.821304 0.843261 0.838043 0.805870 0.775870 0.688043 0.879783 0.805217 0.768699 0.842174 0.892994 0.824348 0.752826 0.855435
AJ001588.1_Oryctolagus_cuniculus_complete_mitochondrial_genome 0.779075 0.842412 0.783831 0.761997 0.799827 0.851492 0.784695 0.849860 0.850843 0.833441 0.768482 0.769829 0.805447 0.804367 0.848465 0.759187 0.569607 0.780588 0.795071 0.763294 0.805015 0.761349 0.847601 0.793126 0.774535 0.756454 0.797449 0.852140 0.786641 0.781669 0.798530 0.793126 0.784047 0.849277 0.856680 0.775616 0.769996 0.792477 0.733348 0.755080 0.861273 0.786857 0.000000 0.763294 0.779291 0.800043 0.804799 0.826848 0.798746 0.817337 0.778210 0.832469 0.802637 0.770860 0.815607 0.855190 0.823173 0.765456 0.857760
AJ421451.1_Lemur_catta_mitochondrion_complete_mitochondrial_genome 0.787160 0.832644 0.815452 0.777802 0.809140 0.868988 0.777367 0.844675 0.821110 0.850894 0.769314 0.792090 0.800871 0.786289 0.844178 0.805876 0.773667 0.778672 0.777584 0.760827 0.818498 0.756039 0.855495 0.785201 0.765615 0.749785 0.822851 0.830903 0.803047 0.800871 0.823504 0.782807 0.797960 0.868495 0.864326 0.792812 0.791071 0.807835 0.776107 0.759956 0.873786 0.809783 0.773887 0.000000 0.792383 0.803047 0.793471 0.820239 0.813058 0.803482 0.791948 0.843526 0.802176 0.806961 0.820239 0.865015 0.809140 0.773667 0.829162
AF010406.1_Ovis_aries_complete_mitochondrial_genome 0.797770 0.833224 0.725687 0.710330 0.737279 0.871942 0.570201 0.847483 0.853530 0.835811 0.722234 0.742814 0.806826 0.762361 0.806480 0.792602 0.776181 0.716467 0.686607 0.726421 0.796800 0.700000 0.841804 0.734031 0.739111 0.760327 0.801411 0.823904 0.778361 0.714036 0.797371 0.760157 0.798611 0.841287 0.851105 0.782853 0.773515 0.790570 0.792866 0.727473 0.870334 0.773043 0.756593 0.766050 0.000000 0.790156 0.822164 0.812679 0.772317 0.732717 0.769583 0.855411 0.826693 0.764159 0.807362 0.850705 0.798560 0.739387 0.864889
AJ421452.1_Macroscelides_proboscideus_complete_mitochondrial_genome 0.786401 0.836721 0.812473 0.780268 0.802140 0.862228 0.796528 0.857205 0.865524 0.826331 0.799695 0.809164 0.824546 0.777173 0.826851 0.798506 0.789462 0.803926 0.812129 0.784143 0.818720 0.794331 0.863327 0.817964 0.792515 0.787220 0.813887 0.862281 0.808962 0.820944 0.833735 0.814766 0.792969 0.844958 0.850022 0.811864 0.805158 0.802412 0.799098 0.783344 0.845307 0.807609 0.795936 0.791513 0.787299 0.000000 0.820193 0.839156 0.792134 0.836519 0.794894 0.889255 0.835619 0.810203 0.803779 0.850918 0.842209 0.783589 0.889475
AJ309867.1_Nycticebus_coucang_mitochondrial_genome 0.810669 0.864481 0.813563 0.787998 0.788819 0.867499 0.786684 0.854396 0.839685 0.868132 0.790312 0.795980 0.816233 0.790242 0.837495 0.816251 0.789245 0.788877 0.817127 0.789153 0.826325 0.786903 0.846474 0.789405 0.787481 0.760112 0.825011 0.841437 0.821421 0.801049 0.816689 0.825688 0.796224 0.854027 0.857607 0.825720 0.802774 0.802015 0.820155 0.782304 0.870550 0.814565 0.790964 0.775626 0.795664 0.816251 0.000000 0.857424 0.813622 0.823916 0.792930 0.849978 0.812541 0.789019 0.811213 0.863947 0.829769 0.776149 0.857862
AJ400734.2_Echinops_telfairi_complete_mitochondrial_genome 0.808701 0.869727 0.845399 0.829451 0.851496 0.903588 0.842175 0.885936 0.918188 0.880198 0.825224 0.846553 0.840516 0.846221 0.841074 0.834030 0.819073 0.826827 0.836596 0.852973 0.843490 0.833187 0.891309 0.833878 0.838258 0.839286 0.839753 0.877193 0.842186 0.838216 0.852355 0.870249 0.865668 0.871302 0.871695 0.851483 0.863893 0.840132 0.834551 0.831389 0.870982 0.831522 0.831604 0.818498 0.836011 0.841134 0.883049 0.000000 0.852740 0.845697 0.838752 0.897204 0.850642 0.824903 0.856923 0.868646 0.890223 0.845733 0.883117
AJ421450.1_Tamandua_tetradactyla_complete_mitochondrial_genome 0.797114 0.849617 0.802442 0.763297 0.816772 0.868526 0.780986 0.835386 0.880141 0.849601 0.789657 0.787984 0.847298 0.807449 0.837014 0.801849 0.787503 0.797383 0.796569 0.802440 0.862122 0.781099 0.865787 0.789405 0.761436 0.785069 0.801199 0.855921 0.817705 0.784871 0.827163 0.844255 0.776476 0.851436 0.861075 0.793029 0.791504 0.818860 0.801461 0.755232 0.876591 0.804565 0.791180 0.794559 0.781574 0.804658 0.826763 0.837552 0.000000 0.794584 0.789657 0.879417 0.808622 0.800692 0.831192 0.883810 0.838280 0.783589 0.893157
AJ277029.2_Physeter_macrocephalus_mitochondrial_genome 0.794053 0.841967 0.729394 0.734505 0.777899 0.872963 0.742624 0.858501 0.836376 0.868347 0.771547 0.748649 0.807482 0.784796 0.874284 0.858432 0.787285 0.790185 0.587640 0.746460 0.826173 0.735385 0.857866 0.693482 0.747428 0.771945 0.836856 0.829605 0.794098 0.759948 0.808543 0.785933 0.793620 0.895487 0.897486 0.803421 0.801040 0.810307 0.793726 0.716645 0.881985 0.755435 0.777345 0.780631 0.708278 0.820040 0.807052 0.830729 0.790401 0.000000 0.758673 0.833333 0.802526 0.776048 0.817701 0.898761 0.823440 0.717068 0.863276
AJ428578.2_Eumetopias_jubatus_complete_mitochondrial_genome 0.761728 0.838752 0.738334 0.719180 0.589788 0.879337 0.730308 0.822856 0.844207 0.868132 0.676631 0.694835 0.821951 0.773470 0.849444 0.817150 0.786196 0.756161 0.749073 0.598998 0.829588 0.711106 0.849007 0.742751 0.717216 0.762048 0.831115 0.835261 0.776784 0.735763 0.794021 0.787694 0.773003 0.846469 0.856090 0.810132 0.802774 0.801658 0.780189 0.726816 0.859115 0.693478 0.773022 0.764527 0.749945 0.791403 0.802531 0.825442 0.778748 0.763256 0.000000 0.854680 0.794252 0.781020 0.830897 0.854122 0.818023 0.732708 0.835261
X97707.1_Pongo_abelii_mitochondrial_genome 0.869698 0.889836 0.858482 0.833846 0.845381 0.906360 0.829726 0.897170 0.634484 0.874811 0.849444 0.836827 0.873551 0.826835 0.906581 0.869661 0.837143 0.862595 0.887178 0.841211 0.867164 0.818022 0.730473 0.832570 0.810243 0.810886 0.858657 0.594518 0.871257 0.838435 0.889376 0.860856 0.855252 0.891600 0.910056 0.843473 0.861292 0.821053 0.835410 0.829478 0.923625 0.880870 0.802853 0.835473 0.825215 0.861789 0.835523 0.892142 0.862412 0.833554 0.849444 0.000000 0.830176 0.846087 0.838560 0.908586 0.574422 0.809190 0.803974
AJ428849.1_Cynocephalus_variegatus_complete_mitochondrial_genome 0.814283 0.858045 0.815371 0.770738 0.814936 0.883954 0.800784 0.870382 0.815371 0.860375 0.797518 0.779339 0.841716 0.794688 0.880035 0.822556 0.803614 0.803832 0.796212 0.789462 0.824080 0.768779 0.826911 0.824516 0.772480 0.783993 0.831047 0.820597 0.824080 0.794905 0.827564 0.825822 0.815755 0.857698 0.889250 0.810132 0.806892 0.812759 0.792007 0.781406 0.892125 0.815870 0.782966 0.792165 0.806227 0.817548 0.805791 0.831918 0.816895 0.803832 0.795776 0.827999 0.000000 0.818634 0.825386 0.884238 0.808622 0.795776 0.866971
AF348081.1_Soriculus_fumidus_mitochondrion,_complete_genome 0.765240 0.846952 0.768699 0.748811 0.777345 0.880458 0.768699 0.860661 0.862300 0.840983 0.751189 0.746920 0.810852 0.796368 0.808258 0.790532 0.775832 0.731518 0.802205 0.765672 0.817121 0.753783 0.858841 0.786857 0.748379 0.765491 0.791829 0.873757 0.768266 0.758106 0.787722 0.780588 0.803934 0.860505 0.829226 0.789235 0.787722 0.782101 0.777826 0.738435 0.869903 0.768915 0.773671 0.808906 0.757458 0.797233 0.799611 0.821660 0.801773 0.797017 0.769131 0.874406 0.817337 0.000000 0.806096 0.821871 0.832685 0.740164 0.848465
AF348082.1_Microtus_kikuchii_mitochondrion,_complete_genome 0.816572 0.896175 0.851723 0.808352 0.837519 0.896857 0.836066 0.834738 0.861227 0.846585 0.823042 0.805706 0.828921 0.834241 0.852694 0.811977 0.816024 0.802399 0.834836 0.809845 0.834064 0.815385 0.851925 0.820798 0.828628 0.800344 0.728401 0.857895 0.818142 0.812199 0.851479 0.812800 0.818142 0.859857 0.875163 0.807967 0.816212 0.723465 0.786205 0.812514 0.889752 0.845000 0.805231 0.818716 0.808464 0.814327 0.815813 0.861765 0.827869 0.843021 0.829806 0.866608 0.837361 0.796801 0.000000 0.916702 0.818856 0.804376 0.874614
X88898.2_Erinaceus_europaeus_complete_mitochondrial_DNA_sequence 0.850278 0.885305 0.876976 0.883383 0.880179 0.914780 0.857326 0.912431 0.934003 0.908586 0.874199 0.859035 0.869714 0.877830 0.841094 0.863520 0.844297 0.874413 0.875267 0.862879 0.880179 0.878471 0.928022 0.857753 0.882529 0.852627 0.862666 0.931226 0.858180 0.870355 0.872918 0.859462 0.872063 0.851132 0.881888 0.876121 0.872490 0.874626 0.864374 0.851132 0.886801 0.870568 0.855190 0.875908 0.857540 0.846860 0.874626 0.865442 0.878898 0.906877 0.859675 0.917557 0.916275 0.836181 0.887441 0.000000 0.892567 0.873345 0.900470
X93347.1_Gorilla_gorilla_gorilla_mitochondrial_DNA._complete_genome 0.846574 0.872108 0.824466 0.800524 0.837844 0.882584 0.853557 0.848995 0.625709 0.870071 0.819114 0.819105 0.851375 0.817687 0.903536 0.827150 0.863488 0.818539 0.837407 0.803964 0.877564 0.787866 0.732868 0.814476 0.792012 0.793675 0.848101 0.460279 0.847883 0.803579 0.840899 0.846574 0.818793 0.883395 0.890334 0.812297 0.815561 0.826931 0.789643 0.803579 0.877023 0.819130 0.811068 0.816975 0.806416 0.858577 0.837625 0.871235 0.829332 0.831296 0.800786 0.583370 0.802308 0.831604 0.803797 0.885946 0.000000 0.781973 0.802488
Y07726.1_Ceratotherium_simum_complete_mitochondrial_DNA_sequence 0.764976 0.822077 0.737898 0.653173 0.720900 0.886214 0.701969 0.838626 0.790810 0.840121 0.707615 0.697860 0.816889 0.761926 0.834573 0.816193 0.770738 0.751581 0.712254 0.721411 0.816849 0.548578 0.829103 0.756704 0.640919 0.746343 0.797593 0.799562 0.756503 0.718408 0.763020 0.741372 0.781901 0.880803 0.861292 0.769214 0.768964 0.780525 0.755909 0.691466 0.913269 0.771957 0.756593 0.779543 0.705470 0.783589 0.785777 0.827133 0.784026 0.725383 0.728126 0.810066 0.771174 0.736706 0.800438 0.867792 0.776953 0.000000 0.842670
AJ309866.1_Cebus_albifrons_mitochondrial_genome 0.864014 0.867978 0.864370 0.842857 0.850186 0.894481 0.833333 0.878159 0.788872 0.870071 0.865808 0.847417 0.877270 0.849052 0.888742 0.838617 0.849118 0.842748 0.859248 0.841865 0.879658 0.843736 0.827063 0.854153 0.831692 0.837134 0.872406 0.804167 0.860765 0.831001 0.880613 0.869594 0.879774 0.901749 0.887733 0.842174 0.846771 0.858114 0.857757 0.842697 0.900755 0.838913 0.854086 0.817628 0.823892 0.856515 0.827639 0.869029 0.853422 0.846543 0.825878 0.799558 0.862399 0.838305 0.858940 0.899616 0.792885 0.835449 0.000000
