59
Y18475.1_Orycteropus_afer_complete_mitochondrial_genome 0.000000 0.695941 0.674895 0.637553 0.689877 0.763131 0.636144 0.746057 0.740390 0.743396 0.673441 0.669530 0.716846 0.628669 0.713826 0.707788 0.678500 0.660732 0.678205 0.656873 0.724492 0.651841 0.760515 0.656671 0.637955 0.670960 0.708392 0.725699 0.666734 0.660040 0.739988 0.702355 0.687162 0.741397 0.750201 0.677990 0.670574 0.692091 0.680199 0.625075 0.757848 0.677162 0.672950 0.696078 0.637754 0.671161 0.720800 0.694908 0.657879 0.692493 0.652043 0.752264 0.710200 0.667526 0.730731 0.755976 0.733749 0.638358 0.747940
AJ224821.1_Loxodonta_africana_complete_mitochondrial_genomic_sequence 0.730908 0.000000 0.751756 0.741760 0.770498 0.834606 0.737741 0.815133 0.817926 0.797219 0.766881 0.751648 0.787137 0.694735 0.776929 0.772910 0.771761 0.753151 0.770900 0.782757 0.769695 0.757235 0.811495 0.726487 0.731109 0.751608 0.809486 0.826768 0.761857 0.742169 0.781350 0.811294 0.741839 0.813505 0.807631 0.792610 0.798530 0.776326 0.782289 0.747990 0.826635 0.758270 0.754963 0.753701 0.749397 0.758039 0.786400 0.809486 0.778336 0.784767 0.742363 0.823352 0.780600 0.757985 0.807074 0.825299 0.803055 0.707596 0.800241
Y19184.1_Lama_pacos_complete_mitochondrial_genome 0.686534 0.751555 0.000000 0.623921 0.688742 0.799117 0.608469 0.777001 0.742926 0.793049 0.655228 0.617782 0.728594 0.702789 0.773430 0.731086 0.684316 0.623325 0.637768 0.631347 0.752358 0.608669 0.778246 0.591009 0.608268 0.710215 0.751957 0.763195 0.697371 0.669075 0.708609 0.718643 0.710795 0.797311 0.791090 0.708979 0.711504 0.733293 0.704876 0.600642 0.829834 0.663212 0.684379 0.698079 0.602649 0.726269 0.740400 0.760385 0.694562 0.645394 0.630745 0.805539 0.720600 0.692720 0.757977 0.810558 0.735501 0.594220 0.776440
X97337.1_Equus_asinus_complete_mitochondrial_genome 0.646609 0.751407 0.604656 0.000000 0.603865 0.812223 0.567769 0.767618 0.731373 0.743793 0.589336 0.594006 0.693947 0.638118 0.726503 0.670432 0.649418 0.587518 0.586527 0.564578 0.697501 0.466115 0.742805 0.577854 0.234974 0.670493 0.705123 0.718637 0.642886 0.569277 0.656515 0.660829 0.651312 0.755139 0.752811 0.653953 0.650308 0.672852 0.662687 0.557281 0.792442 0.591471 0.685382 0.668667 0.564744 0.710367 0.695200 0.718637 0.661759 0.621218 0.586527 0.737999 0.681200 0.627852 0.707745 0.790438 0.714401 0.464098 0.756784
AJ428576.2_Odobenus_rosmarus_rosmarus_complete_mitochondrial_genome 0.731536 0.780145 0.660847 0.612118 0.000000 0.811795 0.647343 0.782991 0.783011 0.775770 0.579477 0.569431 0.755078 0.673904 0.770129 0.740741 0.720217 0.649730 0.667673 0.482085 0.771538 0.614130 0.787684 0.643519 0.604871 0.746377 0.756643 0.769525 0.696457 0.662450 0.723229 0.715378 0.708592 0.795089 0.803815 0.720501 0.740314 0.753422 0.704876 0.613728 0.807039 0.567358 0.727291 0.726691 0.655395 0.724235 0.767800 0.791667 0.736715 0.651167 0.459742 0.795290 0.741800 0.668717 0.756441 0.803386 0.784219 0.595008 0.764623
AJ303116.1_Tachyglossus_aculeatus_complete_mitochondrial_genome 0.816261 0.842243 0.805940 0.832190 0.814211 0.000000 0.770382 0.767818 0.817157 0.751142 0.803823 0.773626 0.806651 0.777845 0.829456 0.776047 0.802046 0.814563 0.783330 0.773927 0.831520 0.771717 0.843228 0.793648 0.799556 0.815509 0.782318 0.831179 0.796453 0.803414 0.796491 0.805354 0.785700 0.796252 0.795984 0.788637 0.796543 0.783128 0.793035 0.771596 0.515697 0.801315 0.787648 0.809124 0.786769 0.792636 0.832800 0.807202 0.808618 0.779688 0.798707 0.831277 0.823600 0.796469 0.780700 0.825896 0.830063 0.772691 0.823518
V00654.1_Bos_taurus_complete_mitochondrial_genome 0.661300 0.737741 0.598635 0.560307 0.617754 0.763302 0.000000 0.726892 0.728554 0.759285 0.605433 0.589810 0.721426 0.684560 0.707808 0.680187 0.676294 0.597920 0.557152 0.591578 0.735187 0.561414 0.743610 0.562335 0.555713 0.685196 0.711265 0.738489 0.642886 0.604819 0.666599 0.672907 0.674344 0.764813 0.761446 0.689511 0.674945 0.697641 0.673632 0.559878 0.757449 0.616780 0.651494 0.669668 0.407588 0.692261 0.705000 0.717161 0.683611 0.571486 0.603274 0.736083 0.698600 0.616941 0.721838 0.760558 0.714430 0.552642 0.729648
AF357238.1_Trichosurus_vulpecula_mitochondrion,_complete_genome 0.746656 0.798962 0.765622 0.741665 0.754043 0.730485 0.718906 0.000000 0.779197 0.499305 0.747055 0.730884 0.756073 0.757836 0.761429 0.737473 0.734877 0.732681 0.762228 0.771411 0.758634 0.735676 0.797365 0.739669 0.743462 0.745658 0.731084 0.785985 0.751048 0.735676 0.774805 0.780595 0.726293 0.595927 0.553803 0.766587 0.776078 0.739469 0.742687 0.720303 0.761230 0.768434 0.752046 0.751447 0.742064 0.762428 0.767019 0.767219 0.746456 0.761629 0.746656 0.816331 0.770014 0.756993 0.739868 0.811155 0.784188 0.747055 0.812937
X99256.1_Hylobates_lar_complete_mitochondrial_DNA_sequence 0.772590 0.845860 0.750151 0.729360 0.770733 0.831857 0.743657 0.799561 0.000000 0.823833 0.774648 0.757842 0.785743 0.774025 0.825211 0.751712 0.765142 0.756351 0.757149 0.730769 0.791986 0.718083 0.588448 0.743657 0.729762 0.765405 0.796818 0.468586 0.784333 0.734940 0.796013 0.767110 0.747847 0.845550 0.815060 0.774136 0.756209 0.770439 0.755423 0.756343 0.846831 0.792945 0.766593 0.738295 0.740234 0.805075 0.750400 0.819976 0.780306 0.762183 0.755940 0.493556 0.742400 0.769093 0.778896 0.859163 0.482481 0.707813 0.704121
Y10524.1_Macropus_robustus_complete_mitochondrial_genome 0.739821 0.803575 0.764846 0.729494 0.763456 0.729891 0.737835 0.502880 0.790268 0.000000 0.744389 0.737239 0.758292 0.752334 0.781927 0.751936 0.749355 0.739623 0.759086 0.742403 0.754717 0.738232 0.806356 0.737239 0.738828 0.757696 0.737438 0.798411 0.756703 0.732274 0.755511 0.769215 0.746574 0.614300 0.562463 0.755710 0.760874 0.745382 0.743793 0.727110 0.744588 0.771003 0.759086 0.757299 0.719166 0.753724 0.774777 0.779742 0.751539 0.771400 0.741013 0.796624 0.801787 0.740924 0.747766 0.803376 0.797021 0.723932 0.795233
U96639.2_Canis_familiaris_mitochondrion,_complete_genome 0.687324 0.766680 0.653020 0.587928 0.564789 0.804628 0.606841 0.770014 0.740443 0.750943 0.000000 0.546054 0.717642 0.688179 0.729376 0.690141 0.664260 0.629526 0.631992 0.532596 0.714487 0.591549 0.774245 0.618109 0.573239 0.693159 0.721328 0.760161 0.663581 0.616064 0.664990 0.692555 0.706990 0.771630 0.755221 0.674613 0.667197 0.713280 0.706667 0.594769 0.767047 0.554404 0.672950 0.690676 0.606640 0.717103 0.710200 0.749899 0.674447 0.671630 0.552515 0.764990 0.723400 0.633604 0.725956 0.794024 0.778873 0.575252 0.755578
U20753.1_Felis_catus_mitochondrion,_complete_genome 0.663736 0.745255 0.605794 0.551648 0.574625 0.766034 0.583417 0.743062 0.750250 0.732274 0.542857 0.000000 0.695141 0.660539 0.695504 0.662537 0.647552 0.587413 0.627173 0.538661 0.714885 0.559041 0.769031 0.622178 0.543856 0.659540 0.706693 0.728472 0.628571 0.603197 0.657542 0.642158 0.674126 0.751249 0.747053 0.674017 0.671766 0.696104 0.642388 0.558841 0.771429 0.544639 0.645355 0.656943 0.603397 0.704296 0.688711 0.736064 0.654346 0.624575 0.569031 0.762438 0.690110 0.607221 0.707892 0.760159 0.742657 0.545255 0.727872
AJ222767.1_Cavia_porcellus_complete_mitochondrial_genome 0.718638 0.798686 0.745121 0.706093 0.765233 0.804659 0.716647 0.770410 0.786937 0.779146 0.738750 0.714656 0.000000 0.725408 0.739546 0.722620 0.721625 0.709080 0.724612 0.717244 0.698327 0.733971 0.804859 0.727200 0.710474 0.718041 0.749104 0.816806 0.765432 0.737555 0.742334 0.758065 0.754480 0.788730 0.759458 0.721295 0.708921 0.733771 0.722985 0.717045 0.811031 0.732378 0.727798 0.717443 0.721824 0.759458 0.748307 0.766229 0.735962 0.731979 0.748507 0.840502 0.758065 0.731204 0.737157 0.782358 0.770211 0.717244 0.781959
AJ421723.1_Dugong_dugon_complete_mitochondrial_genome 0.661641 0.712822 0.700783 0.652996 0.691998 0.782268 0.693808 0.802955 0.746080 0.782721 0.675714 0.683317 0.727599 0.000000 0.756936 0.731001 0.672483 0.713543 0.727382 0.673904 0.770808 0.666466 0.794129 0.678126 0.652191 0.704262 0.733414 0.771009 0.746080 0.682932 0.735424 0.736228 0.711196 0.783876 0.790964 0.699444 0.711504 0.715320 0.686965 0.662646 0.802440 0.680351 0.680168 0.696279 0.681544 0.723563 0.731400 0.737234 0.723361 0.693607 0.708082 0.776840 0.711400 0.713152 0.742260 0.801793 0.765782 0.640330 0.804020
AF348079.1_Echinosorex_gymnura_mitochondrion,_complete_genome 0.723687 0.776929 0.767209 0.718838 0.738929 0.820352 0.696625 0.778998 0.796818 0.793843 0.729577 0.709091 0.755277 0.763370 0.000000 0.727641 0.733855 0.682937 0.736395 0.712875 0.756953 0.697980 0.811028 0.737482 0.743036 0.744411 0.752393 0.808562 0.730754 0.721486 0.749496 0.727456 0.743441 0.763200 0.785944 0.746524 0.746473 0.732030 0.720995 0.700709 0.784243 0.733161 0.736114 0.727091 0.711098 0.729741 0.759000 0.751782 0.719202 0.737141 0.712813 0.817757 0.774800 0.703233 0.764287 0.757171 0.795993 0.705526 0.785729
AJ238588.1_Sciurus_vulgaris_complete_mitochondrial_genome 0.707386 0.784968 0.716035 0.673054 0.714372 0.784948 0.680389 0.768816 0.752316 0.764250 0.677465 0.657942 0.713859 0.717129 0.764348 0.000000 0.674087 0.699540 0.703014 0.682047 0.733777 0.657778 0.764943 0.688425 0.651998 0.676133 0.720544 0.756462 0.714228 0.705622 0.743647 0.729469 0.693371 0.769448 0.762249 0.692094 0.700378 0.699452 0.672239 0.675380 0.779244 0.696094 0.680369 0.672269 0.678159 0.704822 0.710400 0.755425 0.712229 0.730255 0.698464 0.791523 0.746000 0.665543 0.712837 0.765737 0.731026 0.666398 0.771256
AJ421471.1_Lepus_europaeus_complete_mitochondrial_genome 0.650622 0.746089 0.660048 0.631167 0.706980 0.775170 0.659446 0.743262 0.713197 0.750943 0.665864 0.657143 0.700717 0.666466 0.710790 0.655435 0.000000 0.658732 0.674489 0.662655 0.711392 0.640995 0.748696 0.672282 0.645407 0.676895 0.692138 0.743482 0.682912 0.660650 0.710991 0.694144 0.695374 0.756518 0.779382 0.647994 0.671170 0.677497 0.597811 0.661051 0.741252 0.657832 0.414678 0.647059 0.646410 0.701966 0.686400 0.737465 0.682110 0.694144 0.657641 0.742078 0.700200 0.663757 0.689330 0.750199 0.738668 0.645407 0.742278
Y19192.1_Talpa_europaea_complete_mitochondrial_genome 0.647129 0.740748 0.631526 0.574915 0.627125 0.771754 0.600920 0.749251 0.730146 0.749752 0.607922 0.594805 0.694544 0.670134 0.682937 0.682537 0.663333 0.000000 0.648930 0.598320 0.714343 0.586117 0.766953 0.622525 0.582517 0.674335 0.683537 0.749550 0.618124 0.595919 0.679736 0.661732 0.673935 0.738948 0.734947 0.674811 0.656865 0.688938 0.681791 0.586317 0.758848 0.623157 0.655331 0.666533 0.595519 0.704741 0.678000 0.729546 0.657532 0.671934 0.619524 0.755551 0.704000 0.582027 0.699940 0.756375 0.721344 0.592519 0.760352
X61145.1_Balaenoptera_physalus_mitochondrial_complete_genome 0.676192 0.761053 0.595224 0.587939 0.658414 0.795468 0.569897 0.741066 0.746879 0.764250 0.657746 0.645355 0.711868 0.680740 0.746915 0.689258 0.694344 0.639128 0.000000 0.631070 0.739420 0.588485 0.745623 0.555128 0.579935 0.690634 0.745499 0.724556 0.644297 0.642771 0.715006 0.692230 0.702584 0.771060 0.761446 0.685936 0.681701 0.732551 0.700100 0.571718 0.798440 0.634117 0.684179 0.678071 0.562614 0.716569 0.697400 0.746713 0.688448 0.452761 0.638642 0.740036 0.718200 0.665146 0.728707 0.788048 0.748938 0.586527 0.757588
X72004.1_Halichoerus_grypus_complete_mitochondrial_genome 0.638760 0.753416 0.605057 0.561757 0.476248 0.755591 0.596413 0.739269 0.711841 0.740417 0.527767 0.535864 0.704898 0.644150 0.688898 0.657667 0.664862 0.607321 0.630264 0.000000 0.708039 0.557526 0.736969 0.594197 0.559541 0.661430 0.709853 0.739271 0.641749 0.608233 0.671167 0.640499 0.666934 0.739674 0.749197 0.672030 0.672561 0.692122 0.667065 0.574854 0.757648 0.503786 0.656707 0.660064 0.590973 0.687084 0.679800 0.747129 0.659279 0.621197 0.452952 0.731211 0.700200 0.624083 0.702196 0.745020 0.712674 0.549063 0.725025
AJ301644.1_Thryonomys_swinderianus_complete_mitochondrial_genome 0.744415 0.777733 0.761389 0.733978 0.751409 0.802499 0.718662 0.776602 0.773460 0.778352 0.723944 0.734865 0.707686 0.740249 0.761185 0.725917 0.727437 0.731746 0.738613 0.742091 0.000000 0.715437 0.796539 0.730149 0.708585 0.730916 0.739420 0.806328 0.733575 0.733133 0.740024 0.751208 0.731424 0.774083 0.784538 0.733214 0.732366 0.740830 0.754428 0.717856 0.787043 0.734356 0.741528 0.730092 0.686820 0.747078 0.742000 0.783958 0.742644 0.747682 0.743047 0.784160 0.752800 0.720294 0.745667 0.805777 0.794841 0.717856 0.807437
X97336.1_Rhinoceros_unicornis_complete_mitochondrial_genome 0.656873 0.746182 0.587799 0.470553 0.602858 0.785455 0.549293 0.756438 0.710431 0.729692 0.585111 0.555644 0.712863 0.663852 0.708283 0.668889 0.635580 0.582517 0.584646 0.560951 0.704152 0.000000 0.743409 0.581616 0.465886 0.679557 0.705859 0.724758 0.636235 0.581526 0.661759 0.626812 0.672542 0.755341 0.761245 0.648788 0.654083 0.722424 0.675423 0.545657 0.763647 0.595257 0.657710 0.645658 0.566061 0.675556 0.695400 0.733737 0.683838 0.617576 0.588889 0.718384 0.659000 0.614164 0.716162 0.783068 0.699394 0.343485 0.737085
Y18001.1_Papio_hamadryas_mitochondrial_DNA,_complete_genome 0.795532 0.828979 0.800120 0.773999 0.786074 0.841216 0.762326 0.815732 0.599718 0.833764 0.795976 0.788611 0.797889 0.793526 0.830348 0.797746 0.786803 0.774355 0.772791 0.766553 0.795331 0.772188 0.000000 0.779432 0.765949 0.784464 0.813645 0.602334 0.799759 0.770482 0.808412 0.816261 0.782896 0.853089 0.844177 0.782280 0.786410 0.789294 0.769552 0.762930 0.859828 0.789757 0.791257 0.796319 0.784866 0.812437 0.795200 0.845442 0.794124 0.764741 0.776011 0.606158 0.750000 0.789129 0.801771 0.847610 0.607969 0.734957 0.735879
AJ010957.1_Hippopotamus_amphibius_complete_mitochondrial_DNA_sequence 0.671362 0.757637 0.579169 0.578661 0.656602 0.770180 0.550172 0.755041 0.740435 0.755511 0.604829 0.619580 0.724014 0.685766 0.749443 0.697953 0.717409 0.644329 0.545620 0.604070 0.733374 0.569899 0.751459 0.000000 0.568430 0.667875 0.743361 0.723748 0.648126 0.630723 0.686769 0.703502 0.686561 0.784361 0.784538 0.668057 0.673952 0.723089 0.676219 0.571429 0.762048 0.622360 0.676359 0.690676 0.549767 0.728930 0.732200 0.755929 0.661464 0.571486 0.615804 0.744983 0.722400 0.661178 0.710926 0.794821 0.730419 0.566357 0.737487
X79547.1_Equus_caballus_mitochondrial_DNA_complete_sequence 0.651439 0.735330 0.602649 0.236386 0.602456 0.809851 0.566411 0.758634 0.705598 0.751936 0.584708 0.566234 0.717045 0.640129 0.753532 0.664110 0.640393 0.589318 0.583367 0.566391 0.726119 0.465281 0.751258 0.573880 0.000000 0.656596 0.721437 0.719419 0.635228 0.566667 0.651472 0.655797 0.674945 0.782144 0.747992 0.658721 0.654679 0.691966 0.659502 0.548042 0.773845 0.587485 0.650692 0.668067 0.573678 0.723860 0.692000 0.763222 0.669560 0.598910 0.576504 0.719822 0.685200 0.625074 0.713161 0.776494 0.714574 0.462283 0.771859
AF348159.1_Cephalopachus_bancanus_mitochondrion,_complete_genome 0.700745 0.738143 0.690146 0.668479 0.747987 0.774421 0.675327 0.750649 0.775473 0.782920 0.684105 0.669131 0.722421 0.708283 0.759315 0.680967 0.703169 0.665733 0.690836 0.667472 0.733938 0.662638 0.743208 0.676939 0.653575 0.000000 0.734945 0.735952 0.703726 0.708233 0.716818 0.735507 0.693371 0.755086 0.766265 0.673023 0.657659 0.736757 0.678607 0.652769 0.773445 0.695098 0.666332 0.663866 0.669084 0.703122 0.672400 0.751662 0.703525 0.698691 0.679355 0.732931 0.709600 0.665741 0.741390 0.795618 0.744209 0.681974 0.741106
J01420.1_Mouse_mitochondrion,_complete_genome 0.717851 0.775723 0.730082 0.700282 0.734098 0.777463 0.702725 0.750848 0.757954 0.761072 0.724346 0.715285 0.729192 0.752513 0.751782 0.703103 0.708183 0.688538 0.740239 0.717711 0.738815 0.714343 0.784665 0.738901 0.710335 0.722256 0.000000 0.761309 0.717856 0.706426 0.722670 0.745572 0.715001 0.750302 0.779920 0.696464 0.697795 0.508384 0.723184 0.691996 0.783443 0.715624 0.710648 0.741697 0.697302 0.720219 0.741000 0.750765 0.681762 0.770150 0.723525 0.787891 0.751000 0.689347 0.598129 0.787251 0.772516 0.701694 0.752563
X93334.1_Homo_sapiens_mitochondrial_DNA,_complete_genome 0.742202 0.802653 0.766004 0.726503 0.762480 0.807149 0.716276 0.791376 0.459323 0.806157 0.752314 0.742458 0.788132 0.753116 0.821688 0.734855 0.765544 0.751350 0.740711 0.726375 0.766828 0.699313 0.585832 0.742528 0.716593 0.725277 0.774838 0.000000 0.758162 0.736747 0.802743 0.780998 0.739035 0.817412 0.797992 0.753278 0.756209 0.737884 0.746866 0.739903 0.847031 0.763651 0.743533 0.732693 0.739903 0.782714 0.763400 0.810784 0.754443 0.746769 0.736672 0.433562 0.737200 0.757588 0.754645 0.823904 0.326737 0.704518 0.693869
AF061340.1_Artibeus_jamaicensis_mitochondrial_DNA,_complete_genome 0.698531 0.747186 0.695565 0.626562 0.655395 0.762394 0.642281 0.744460 0.757753 0.766634 0.667606 0.643956 0.739745 0.726176 0.719266 0.701532 0.684116 0.617924 0.637243 0.647189 0.720073 0.630996 0.799356 0.660822 0.631802 0.690232 0.713624 0.746473 0.000000 0.606225 0.715437 0.657609 0.714600 0.768239 0.750602 0.705403 0.690046 0.715639 0.700299 0.628376 0.786443 0.645078 0.693403 0.701281 0.618098 0.711407 0.722200 0.753124 0.685611 0.663442 0.669488 0.761790 0.740800 0.644515 0.725715 0.770518 0.742241 0.614672 0.769648
AF321050.1_Pteropus_scapulatus_mitochondrial_DNA,_complete_genome 0.680723 0.768072 0.650211 0.574297 0.636747 0.793574 0.603213 0.751248 0.732932 0.752929 0.621486 0.618581 0.724213 0.678313 0.736747 0.709237 0.677296 0.606521 0.653614 0.614257 0.748795 0.573092 0.755221 0.648394 0.563655 0.686546 0.735743 0.735341 0.640361 0.000000 0.707430 0.674900 0.690967 0.781727 0.740964 0.679182 0.673157 0.708635 0.661095 0.593775 0.782044 0.636509 0.651293 0.702481 0.603012 0.712249 0.709200 0.740964 0.691165 0.631526 0.627711 0.751606 0.717400 0.649078 0.727711 0.771713 0.735944 0.583936 0.761647
AJ421454.1_Manis_tetradactyla_complete_mitochondrial_genome 0.757295 0.793207 0.708810 0.656111 0.698269 0.797297 0.701493 0.806947 0.792791 0.775770 0.674447 0.678721 0.759458 0.723764 0.739209 0.739613 0.748696 0.696339 0.695845 0.680032 0.746675 0.679306 0.796539 0.679306 0.658128 0.734542 0.743445 0.803953 0.717453 0.708835 0.000000 0.725644 0.715802 0.766626 0.795582 0.742153 0.729783 0.764219 0.748856 0.673255 0.803839 0.708051 0.715260 0.717887 0.651472 0.737192 0.760200 0.770472 0.734974 0.739209 0.684752 0.792860 0.781400 0.698076 0.771682 0.783267 0.780557 0.658532 0.786935
AF321051.1_Chalinolobus_tuberculatus_mitochondrial_DNA,_complete_genome 0.726303 0.791600 0.708208 0.661433 0.693639 0.806159 0.687399 0.812737 0.782810 0.790268 0.703622 0.667732 0.779172 0.740852 0.767915 0.726651 0.723426 0.692539 0.695451 0.663849 0.748188 0.623994 0.806400 0.687399 0.665660 0.738527 0.750403 0.780797 0.663849 0.661245 0.718800 0.000000 0.766874 0.761876 0.792570 0.715534 0.764951 0.726651 0.741891 0.663446 0.807638 0.718613 0.707840 0.718087 0.669686 0.741546 0.757800 0.790459 0.720008 0.726449 0.690016 0.796699 0.778400 0.705019 0.759662 0.817729 0.787842 0.636473 0.804020
Y11832.1_Dasypus_novemcinctus_complete_mitochondrial_genome 0.687963 0.757661 0.705187 0.655117 0.709593 0.776287 0.688364 0.740268 0.748848 0.755909 0.703184 0.684515 0.751095 0.702584 0.764270 0.673142 0.716203 0.681336 0.714600 0.671140 0.734829 0.688764 0.773483 0.660324 0.672942 0.690967 0.731624 0.733827 0.731224 0.681154 0.724614 0.741839 0.000000 0.747046 0.753655 0.706794 0.699185 0.737432 0.696318 0.649509 0.799440 0.697489 0.697376 0.709484 0.675746 0.705388 0.722600 0.759463 0.661126 0.731424 0.693170 0.765472 0.735800 0.703233 0.740437 0.781673 0.749449 0.669537 0.765472
Z29573.1_Didelphis_virginiana_complete_mitochondrial_genome 0.765949 0.801045 0.780253 0.757356 0.795692 0.771060 0.731560 0.605310 0.822795 0.616286 0.748089 0.755245 0.787137 0.770004 0.775494 0.740830 0.759326 0.760552 0.763200 0.754785 0.757356 0.753527 0.845442 0.800887 0.778517 0.754079 0.747682 0.837364 0.768239 0.763052 0.764813 0.771135 0.745243 0.000000 0.603614 0.774136 0.773694 0.746876 0.794627 0.740629 0.758648 0.766042 0.756768 0.755502 0.758968 0.770254 0.785000 0.781338 0.762394 0.799274 0.782749 0.829907 0.799600 0.748859 0.785570 0.794821 0.820637 0.762797 0.805025
AF358864.1_Isoodon_macrourus_mitochondrion,_complete_genome 0.761647 0.800402 0.777644 0.744578 0.763655 0.778514 0.756827 0.547814 0.796787 0.564250 0.749398 0.729471 0.759857 0.760843 0.763454 0.740763 0.786402 0.745949 0.762450 0.743373 0.759639 0.729518 0.811245 0.767871 0.754819 0.770281 0.754418 0.790763 0.748193 0.733936 0.762249 0.763454 0.751853 0.596185 0.000000 0.768971 0.767137 0.751004 0.753035 0.733735 0.730254 0.761658 0.761981 0.756303 0.735542 0.756827 0.796200 0.779518 0.752008 0.762651 0.747590 0.813253 0.804600 0.739734 0.758635 0.794422 0.806627 0.747390 0.788956
AF217811.1_Tupaia_belangeri_mitochondrion,_complete_sequence 0.689114 0.794398 0.714938 0.647994 0.727255 0.788240 0.687525 0.760826 0.743743 0.759682 0.690107 0.682757 0.707588 0.696464 0.758443 0.679579 0.685141 0.701232 0.699841 0.682161 0.717322 0.666468 0.759436 0.667064 0.665276 0.672626 0.717918 0.748709 0.700437 0.693087 0.749702 0.751490 0.703417 0.771553 0.774930 0.000000 0.023242 0.709178 0.675010 0.633890 0.776321 0.734009 0.662694 0.687128 0.691895 0.744140 0.716528 0.760628 0.686730 0.726063 0.717124 0.755662 0.705602 0.675461 0.722884 0.799364 0.749901 0.654350 0.750099
AJ421453.1_Tupaia_belangeri_complete_mitochondrial_genome 0.704550 0.796543 0.701967 0.672164 0.736141 0.781840 0.684482 0.758792 0.748659 0.754916 0.672362 0.666600 0.719253 0.700576 0.756805 0.680707 0.673753 0.703557 0.695609 0.699384 0.718458 0.656269 0.758395 0.682297 0.657858 0.669779 0.714286 0.747467 0.700974 0.688258 0.728194 0.736936 0.702563 0.783429 0.776475 0.023639 0.000000 0.692629 0.676137 0.639579 0.783032 0.694019 0.661633 0.689648 0.680310 0.706736 0.713690 0.758991 0.679317 0.715677 0.704749 0.778661 0.701371 0.665741 0.729783 0.812041 0.757799 0.652692 0.748659
AJ428514.1_Rattus_norvegicus_complete_mitochondrial_genome,_wild-caught_animal_(Copenhagen,_Denmark) 0.685852 0.763867 0.708208 0.667406 0.714573 0.764920 0.687271 0.741066 0.761981 0.738232 0.709054 0.685315 0.705695 0.703458 0.729383 0.675928 0.680907 0.685937 0.713534 0.687890 0.714430 0.693131 0.752264 0.694101 0.667340 0.710977 0.499387 0.745153 0.697299 0.703012 0.725091 0.712359 0.710595 0.751108 0.799197 0.683750 0.681899 0.000000 0.727960 0.672138 0.785443 0.711439 0.697614 0.688675 0.683506 0.693274 0.748600 0.752194 0.685685 0.720130 0.704931 0.757416 0.726800 0.688554 0.569453 0.779681 0.757944 0.677491 0.772864
AF348080.1_Ochotona_collaris_mitochondrion,_complete_genome 0.714627 0.787662 0.716219 0.678209 0.697313 0.783085 0.702687 0.764378 0.735124 0.769811 0.721592 0.668856 0.741692 0.690945 0.735721 0.685174 0.620697 0.694328 0.722786 0.690945 0.739701 0.698308 0.751244 0.665075 0.654527 0.670448 0.735721 0.733731 0.726567 0.675821 0.724378 0.746866 0.709254 0.780100 0.766368 0.677195 0.684681 0.728557 0.000000 0.665672 0.782289 0.720796 0.614726 0.677015 0.707861 0.732736 0.733333 0.763980 0.738507 0.698507 0.686965 0.758607 0.706468 0.689942 0.715622 0.815920 0.756219 0.658905 0.766368
AJ002189.1_Sus_scrofa_complete_mitochondrial_DNA 0.634333 0.733722 0.576159 0.540742 0.608092 0.754805 0.546707 0.721501 0.722714 0.737041 0.587324 0.553047 0.702310 0.655810 0.716515 0.668085 0.670076 0.582917 0.562209 0.574451 0.701935 0.545455 0.751057 0.560689 0.547638 0.644512 0.687133 0.718296 0.613059 0.589157 0.658330 0.648953 0.663128 0.746675 0.739157 0.632102 0.631035 0.667275 0.648557 0.000000 0.763047 0.593264 0.641267 0.658663 0.530699 0.689425 0.691000 0.724823 0.645593 0.586270 0.581245 0.731510 0.700600 0.602063 0.699493 0.742829 0.733657 0.521985 0.729045
X83427.1_Ornithorhynchus_anatinus_mitochondrial_DNA,_complete_genome 0.773845 0.839032 0.816037 0.786443 0.799640 0.505499 0.756449 0.774805 0.839232 0.761867 0.783243 0.800799 0.812824 0.785243 0.799240 0.781044 0.757049 0.776445 0.794841 0.783443 0.803839 0.765647 0.838232 0.780244 0.787243 0.784043 0.777245 0.824435 0.801640 0.786243 0.802040 0.799040 0.802240 0.780444 0.741452 0.777314 0.769322 0.790242 0.780299 0.768846 0.000000 0.785173 0.782244 0.780644 0.775245 0.791442 0.802240 0.811438 0.802639 0.798840 0.786843 0.850830 0.810238 0.770680 0.820836 0.823904 0.827435 0.791242 0.843431
AJ428577.1_Ursus_maritimus_complete_mitochondrial_genome 0.681148 0.753886 0.664607 0.593663 0.568553 0.826226 0.632124 0.806696 0.800917 0.798213 0.575329 0.564966 0.755874 0.686130 0.751495 0.715424 0.710841 0.644878 0.662615 0.513153 0.754484 0.637505 0.800120 0.648864 0.600438 0.726385 0.766042 0.797130 0.677760 0.629534 0.718015 0.719609 0.713033 0.785771 0.811877 0.728049 0.728790 0.741331 0.728557 0.618175 0.819251 0.000000 0.707652 0.748705 0.615185 0.755480 0.750498 0.767437 0.693503 0.663810 0.573934 0.810482 0.749502 0.669708 0.774014 0.798207 0.768832 0.613392 0.792945
AJ001588.1_Oryctolagus_cuniculus_complete_mitochondrial_genome 0.676158 0.744536 0.686986 0.672148 0.678765 0.772609 0.667536 0.756838 0.734109 0.760079 0.664528 0.648951 0.692752 0.663124 0.721075 0.657108 0.410668 0.657131 0.697814 0.647283 0.719872 0.652296 0.761781 0.658312 0.637056 0.657510 0.714458 0.745538 0.685984 0.646080 0.701825 0.697814 0.689766 0.771205 0.760578 0.650179 0.652692 0.699820 0.610348 0.634049 0.764447 0.682344 0.000000 0.668267 0.660918 0.706437 0.678400 0.760778 0.676359 0.702627 0.676158 0.755163 0.694600 0.683991 0.704231 0.767331 0.712853 0.660918 0.781432
AJ421451.1_Lemur_catta_mitochondrion_complete_mitochondrial_genome 0.679072 0.745298 0.682273 0.659864 0.705482 0.762105 0.654462 0.745259 0.724490 0.743793 0.668868 0.647952 0.697730 0.697479 0.727891 0.658063 0.652061 0.669934 0.690276 0.675870 0.729092 0.638655 0.741697 0.683673 0.664466 0.645058 0.723689 0.729692 0.685674 0.679272 0.705282 0.693077 0.702681 0.756303 0.745898 0.680771 0.680906 0.696879 0.673234 0.655262 0.747051 0.720407 0.659464 0.000000 0.679072 0.705482 0.666400 0.722889 0.690476 0.678471 0.675670 0.727291 0.685600 0.680619 0.706283 0.766335 0.733293 0.640656 0.716086
AF010406.1_Ovis_aries_complete_mitochondrial_genome 0.638157 0.742162 0.593418 0.564139 0.610910 0.750759 0.400284 0.735077 0.734595 0.733466 0.590141 0.599201 0.722421 0.669280 0.709272 0.690529 0.658444 0.591518 0.554117 0.593593 0.688231 0.561818 0.777621 0.553821 0.556924 0.669688 0.704808 0.736672 0.643894 0.590562 0.648850 0.665056 0.673142 0.745667 0.722691 0.676400 0.677528 0.692230 0.677612 0.541236 0.769446 0.606417 0.673551 0.673269 0.000000 0.684968 0.703600 0.724082 0.660377 0.578372 0.595392 0.739298 0.726000 0.634795 0.730168 0.765936 0.736086 0.561920 0.734874
AJ421452.1_Macroscelides_proboscideus_complete_mitochondrial_genome 0.667740 0.760048 0.739113 0.682937 0.724638 0.795468 0.706240 0.775804 0.782118 0.770407 0.745674 0.716883 0.743728 0.715923 0.742504 0.713128 0.726635 0.711942 0.711309 0.701189 0.749496 0.677576 0.793520 0.706037 0.688938 0.708761 0.720421 0.791801 0.731560 0.722289 0.735175 0.736514 0.721811 0.795445 0.771888 0.745530 0.730181 0.718193 0.744677 0.693274 0.769646 0.752292 0.709445 0.723289 0.706848 0.000000 0.737400 0.747974 0.699959 0.731875 0.727365 0.785251 0.754600 0.712755 0.741694 0.793028 0.793159 0.677088 0.811658
AJ309867.1_Nycticebus_coucang_mitochondrial_genome 0.748200 0.806600 0.756600 0.691800 0.740200 0.807400 0.706000 0.781793 0.740400 0.795432 0.729200 0.707493 0.739347 0.719000 0.769400 0.736800 0.695800 0.689200 0.718600 0.716200 0.779200 0.702800 0.791200 0.714600 0.704200 0.678200 0.735600 0.743200 0.746200 0.716000 0.738400 0.748800 0.718400 0.803000 0.806600 0.714938 0.713491 0.761600 0.709851 0.701800 0.798040 0.713432 0.691600 0.662400 0.716400 0.724200 0.000000 0.792600 0.718400 0.757200 0.737600 0.753400 0.726200 0.710970 0.741400 0.788048 0.755000 0.683400 0.755000
AJ400734.2_Echinops_telfairi_complete_mitochondrial_genome 0.722681 0.812098 0.767209 0.730940 0.767713 0.816306 0.743798 0.820523 0.804269 0.828798 0.763581 0.741658 0.777380 0.732610 0.768072 0.758467 0.768351 0.729546 0.772001 0.769293 0.783152 0.738182 0.814047 0.760592 0.736173 0.744008 0.782405 0.788368 0.763805 0.748996 0.783179 0.784420 0.762467 0.806530 0.786747 0.777513 0.793960 0.768116 0.754030 0.736170 0.816237 0.740933 0.783236 0.740896 0.735443 0.778160 0.799800 0.000000 0.756481 0.791009 0.762530 0.831979 0.809400 0.742115 0.752288 0.817729 0.798826 0.753731 0.800603
AJ421450.1_Tamandua_tetradactyla_complete_mitochondrial_genome 0.672369 0.750804 0.703994 0.675877 0.723027 0.800728 0.673851 0.754642 0.753524 0.783515 0.675855 0.668731 0.738152 0.707077 0.722256 0.704928 0.713197 0.672535 0.692090 0.681644 0.737807 0.659394 0.764339 0.667342 0.655632 0.696274 0.705123 0.735460 0.713624 0.673494 0.718435 0.711755 0.656319 0.750504 0.761847 0.695669 0.696205 0.704703 0.712239 0.657953 0.801240 0.701275 0.696411 0.715486 0.674173 0.701985 0.720600 0.741580 0.000000 0.702714 0.683913 0.777326 0.740800 0.671097 0.731950 0.796215 0.767051 0.660549 0.773467
AJ277029.2_Physeter_macrocephalus_mitochondrial_genome 0.684242 0.811093 0.644190 0.615167 0.643720 0.803965 0.604901 0.791575 0.755336 0.787885 0.670423 0.644356 0.739745 0.694009 0.777238 0.749899 0.722222 0.680736 0.451750 0.624219 0.750705 0.631919 0.768163 0.580802 0.609003 0.718026 0.774605 0.741721 0.704555 0.651606 0.726099 0.728663 0.706790 0.841999 0.789357 0.745729 0.735943 0.766302 0.703881 0.592143 0.806839 0.663013 0.718869 0.705882 0.599028 0.738153 0.769600 0.793034 0.719927 0.000000 0.660469 0.774808 0.748800 0.690339 0.764682 0.811554 0.748431 0.626462 0.790553
AJ428578.2_Eumetopias_jubatus_complete_mitochondrial_genome 0.683639 0.748392 0.643789 0.581283 0.452496 0.789612 0.599232 0.780994 0.742449 0.764250 0.565594 0.570430 0.744922 0.690792 0.754244 0.699475 0.668873 0.636127 0.673605 0.460206 0.731358 0.594141 0.781646 0.627728 0.594671 0.697281 0.738278 0.743740 0.697501 0.632530 0.700887 0.677939 0.690567 0.811769 0.796586 0.751291 0.722829 0.725748 0.698905 0.601455 0.819236 0.540853 0.668939 0.695878 0.607316 0.745756 0.742600 0.768593 0.706952 0.647736 0.000000 0.753032 0.725000 0.661773 0.752223 0.786056 0.764147 0.592981 0.768844
X97707.1_Pongo_abelii_mitochondrial_genome 0.749849 0.802050 0.753963 0.711174 0.763688 0.819340 0.730191 0.798163 0.483085 0.798213 0.768209 0.751249 0.782955 0.746080 0.805567 0.762320 0.762736 0.745349 0.734776 0.749950 0.764006 0.715354 0.594285 0.741739 0.706702 0.727694 0.772857 0.436389 0.774285 0.751406 0.782170 0.797907 0.748448 0.803708 0.802209 0.768375 0.756408 0.757822 0.748657 0.735968 0.828834 0.779593 0.742932 0.728491 0.721850 0.773298 0.743800 0.830150 0.752743 0.736533 0.742522 0.000000 0.733000 0.747471 0.758635 0.832669 0.433515 0.712787 0.686834
AJ428849.1_Cynocephalus_variegatus_complete_mitochondrial_genome 0.729400 0.778600 0.724400 0.671000 0.745800 0.809200 0.696800 0.786584 0.724400 0.810526 0.731600 0.685714 0.768618 0.724000 0.760200 0.752200 0.704600 0.728200 0.710000 0.694800 0.740400 0.673400 0.733200 0.703400 0.667800 0.698000 0.756200 0.736000 0.732400 0.709600 0.757600 0.768800 0.731600 0.784800 0.814200 0.719110 0.724021 0.745200 0.714428 0.700600 0.805239 0.733360 0.710400 0.684200 0.708200 0.742800 0.724800 0.807800 0.734600 0.733200 0.720400 0.741400 0.000000 0.718310 0.765400 0.808964 0.738000 0.681400 0.764200
AF348081.1_Soriculus_fumidus_mitochondrion,_complete_genome 0.685578 0.780401 0.672486 0.615354 0.655426 0.768300 0.621107 0.762547 0.724856 0.756398 0.629240 0.609006 0.738544 0.695497 0.696886 0.692323 0.671890 0.602460 0.644515 0.643523 0.728229 0.618330 0.771276 0.653640 0.615552 0.672882 0.696489 0.771276 0.672287 0.641143 0.699266 0.695299 0.688554 0.759968 0.735767 0.686768 0.680024 0.713351 0.666138 0.607618 0.770085 0.652648 0.683595 0.687364 0.636183 0.708391 0.697282 0.732593 0.668320 0.677247 0.647094 0.762745 0.727237 0.000000 0.720492 0.749454 0.744694 0.611783 0.737949
AF348082.1_Microtus_kikuchii_mitochondrion,_complete_genome 0.727309 0.813304 0.775436 0.696047 0.751208 0.765932 0.712078 0.742064 0.756545 0.762066 0.729980 0.724875 0.737754 0.732006 0.759203 0.715474 0.721019 0.699940 0.725066 0.712674 0.755341 0.702222 0.775810 0.718630 0.707307 0.744814 0.610738 0.763732 0.743047 0.713052 0.775918 0.751812 0.736631 0.769448 0.791566 0.720898 0.727002 0.588164 0.705075 0.716312 0.801640 0.725787 0.734309 0.722089 0.730574 0.744935 0.720800 0.766118 0.716697 0.729850 0.719483 0.773466 0.744400 0.720294 0.000000 0.823307 0.759968 0.706333 0.794573
X88898.2_Erinaceus_europaeus_complete_mitochondrial_DNA_sequence 0.753586 0.830876 0.787450 0.774303 0.795618 0.818725 0.747211 0.819323 0.839641 0.809732 0.787052 0.773108 0.779769 0.804183 0.754382 0.757769 0.757371 0.774701 0.828088 0.774502 0.795817 0.784861 0.835060 0.777490 0.796016 0.781873 0.782470 0.814542 0.782072 0.768327 0.790239 0.807570 0.764143 0.788645 0.793625 0.808899 0.798728 0.795418 0.790647 0.761952 0.808167 0.765737 0.765538 0.773705 0.745020 0.786255 0.794223 0.804781 0.831275 0.814741 0.775697 0.831474 0.814741 0.748661 0.806773 0.000000 0.817331 0.774701 0.820518
X93347.1_Gorilla_gorilla_gorilla_mitochondrial_DNA._complete_genome 0.759308 0.813505 0.774433 0.733159 0.774356 0.811653 0.729002 0.801956 0.471003 0.817080 0.770423 0.760240 0.780765 0.759349 0.813600 0.750253 0.731649 0.761752 0.760874 0.733427 0.803507 0.726869 0.601932 0.754908 0.737182 0.748238 0.779599 0.329362 0.776300 0.744177 0.788019 0.791868 0.748448 0.817412 0.824699 0.771752 0.759984 0.779599 0.737313 0.741753 0.821836 0.765644 0.760578 0.746499 0.756729 0.793362 0.770200 0.821494 0.770087 0.764218 0.747979 0.440801 0.753200 0.769490 0.772313 0.809761 0.000000 0.724284 0.718593
Y07726.1_Ceratotherium_simum_complete_mitochondrial_DNA_sequence 0.649628 0.714429 0.591812 0.469342 0.581723 0.785397 0.562324 0.766021 0.679017 0.767428 0.579074 0.553646 0.740542 0.642340 0.702501 0.679306 0.653430 0.587117 0.579468 0.560548 0.697703 0.348326 0.720668 0.566156 0.464300 0.664451 0.722065 0.699879 0.617090 0.594177 0.661154 0.645531 0.680753 0.742846 0.747992 0.646404 0.651500 0.692618 0.661692 0.538725 0.801640 0.598844 0.656908 0.656863 0.568374 0.699476 0.716000 0.734772 0.663372 0.609520 0.585720 0.722469 0.677600 0.620710 0.723881 0.777291 0.723477 0.000000 0.733467
AJ309866.1_Cebus_albifrons_mitochondrial_genome 0.770050 0.804260 0.773831 0.758995 0.772864 0.814874 0.739698 0.810940 0.682211 0.803575 0.784322 0.757443 0.781959 0.794774 0.816884 0.789950 0.776775 0.759752 0.761809 0.734070 0.808241 0.728040 0.721005 0.741307 0.746935 0.755578 0.785528 0.700704 0.770653 0.749598 0.786935 0.798794 0.766073 0.829146 0.808635 0.752880 0.775084 0.780503 0.782687 0.744523 0.849230 0.775209 0.780229 0.733293 0.767638 0.818492 0.762800 0.821508 0.763015 0.767236 0.765025 0.703920 0.771400 0.772466 0.783518 0.824701 0.700101 0.740704 0.000000
