59
Y18475.1_Orycteropus_afer_complete_mitochondrial_genome 0.000000 0.945930 0.939093 0.941361 0.939792 0.951559 0.935085 0.949817 0.946617 0.947591 0.946446 0.941781 0.942214 0.937049 0.943518 0.940577 0.939058 0.935930 0.939988 0.943725 0.948225 0.940969 0.945462 0.940579 0.943911 0.950800 0.940969 0.948914 0.942412 0.937100 0.943574 0.941542 0.946981 0.949325 0.951328 0.937958 0.934837 0.936066 0.942736 0.937831 0.952648 0.941930 0.934956 0.939376 0.929020 0.934889 0.944162 0.937831 0.948617 0.941361 0.937659 0.947245 0.942763 0.943367 0.941753 0.949384 0.947833 0.941753 0.948617
AJ224821.1_Loxodonta_africana_complete_mitochondrial_genomic_sequence 0.946321 0.000000 0.946877 0.951786 0.949639 0.957056 0.947297 0.955414 0.951005 0.952582 0.948199 0.952843 0.953073 0.947768 0.951591 0.951981 0.949182 0.952483 0.950810 0.950420 0.954714 0.951591 0.948189 0.948468 0.947882 0.950029 0.951786 0.954909 0.945525 0.945059 0.954324 0.947563 0.948529 0.958618 0.954237 0.942389 0.942934 0.951591 0.950999 0.950224 0.957286 0.946980 0.952872 0.948286 0.944954 0.948858 0.953543 0.947882 0.950224 0.950224 0.941636 0.950810 0.948196 0.955392 0.952762 0.953426 0.951005 0.949248 0.957837
Y19184.1_Lama_pacos_complete_mitochondrial_genome 0.940455 0.950379 0.000000 0.942596 0.941817 0.950574 0.938315 0.949238 0.946293 0.943559 0.943958 0.941781 0.945317 0.939872 0.950574 0.940261 0.937536 0.935980 0.943374 0.948628 0.942985 0.940845 0.942401 0.906207 0.944347 0.946293 0.939677 0.950574 0.940078 0.937876 0.944153 0.945426 0.946401 0.950185 0.945511 0.944894 0.941778 0.941234 0.944274 0.944347 0.949749 0.942513 0.934618 0.940151 0.932088 0.941623 0.943763 0.944153 0.948044 0.943180 0.940845 0.946488 0.945285 0.946276 0.942790 0.949384 0.944542 0.948239 0.949796
X97337.1_Equus_asinus_complete_mitochondrial_genome 0.942342 0.950029 0.940650 0.000000 0.937831 0.952344 0.936066 0.951168 0.946813 0.948935 0.942746 0.938871 0.943766 0.946794 0.950775 0.945283 0.945093 0.939435 0.938027 0.934118 0.950382 0.925083 0.952474 0.941165 0.827025 0.947872 0.947637 0.950675 0.941245 0.931664 0.948864 0.943290 0.949884 0.955977 0.957727 0.941040 0.938500 0.947833 0.942736 0.941753 0.950135 0.939794 0.937877 0.942669 0.930980 0.943126 0.943967 0.949010 0.951363 0.943322 0.932758 0.948617 0.945673 0.943367 0.947833 0.952079 0.948617 0.929790 0.944891
AJ428576.2_Odobenus_rosmarus_rosmarus_complete_mitochondrial_genome 0.937635 0.948077 0.940845 0.939988 0.000000 0.946831 0.932902 0.946728 0.947204 0.945479 0.938656 0.935572 0.945511 0.939778 0.951344 0.942319 0.940031 0.940993 0.939965 0.920196 0.948401 0.937034 0.941956 0.944683 0.937218 0.941039 0.942515 0.943042 0.934241 0.935158 0.939459 0.938435 0.941370 0.948738 0.947644 0.940270 0.936765 0.939376 0.939085 0.940749 0.946270 0.932026 0.935930 0.940926 0.931961 0.938591 0.942015 0.945066 0.948990 0.938003 0.919035 0.949186 0.942957 0.942009 0.939768 0.949192 0.943104 0.944673 0.951540
AJ303116.1_Tachyglossus_aculeatus_complete_mitochondrial_genome 0.944303 0.953348 0.943569 0.948617 0.945458 0.000000 0.948150 0.950782 0.949550 0.946055 0.948783 0.950902 0.943184 0.941337 0.955885 0.945111 0.945678 0.943720 0.944171 0.949216 0.949872 0.949000 0.948968 0.948593 0.951445 0.949239 0.949535 0.950871 0.948054 0.945253 0.948668 0.944844 0.947175 0.953629 0.947838 0.945279 0.941970 0.944916 0.945811 0.947783 0.924237 0.943678 0.941577 0.947124 0.941373 0.951114 0.947286 0.951118 0.950327 0.947493 0.943737 0.948439 0.944121 0.951707 0.943202 0.954965 0.947368 0.953260 0.948340
V00654.1_Bos_taurus_complete_mitochondrial_genome 0.932732 0.946906 0.930531 0.931163 0.935452 0.945379 0.000000 0.946728 0.944466 0.940872 0.937293 0.939841 0.934264 0.936075 0.940455 0.935865 0.934579 0.932035 0.934736 0.931961 0.941978 0.936838 0.944683 0.936865 0.934342 0.936743 0.936804 0.942650 0.928016 0.920986 0.938480 0.935521 0.936339 0.950890 0.947450 0.930443 0.927704 0.929319 0.941007 0.925123 0.946270 0.931831 0.937488 0.929498 0.896275 0.941455 0.936548 0.942426 0.940580 0.929728 0.932366 0.944291 0.938106 0.934251 0.932831 0.945343 0.940863 0.939513 0.947555
AF357238.1_Trichosurus_vulpecula_mitochondrion,_complete_genome 0.946535 0.956186 0.950782 0.956379 0.952133 0.953870 0.950589 0.000000 0.957151 0.924170 0.948852 0.947307 0.954835 0.949817 0.953870 0.946342 0.949431 0.947693 0.952326 0.955993 0.953870 0.945763 0.952712 0.950203 0.955414 0.951747 0.943640 0.953098 0.948080 0.946342 0.953291 0.947114 0.950396 0.941131 0.927620 0.947013 0.946983 0.950396 0.944274 0.954449 0.948659 0.955607 0.947887 0.946342 0.947114 0.952133 0.949238 0.951940 0.954256 0.948659 0.948466 0.955221 0.950975 0.947114 0.945377 0.960931 0.951747 0.952712 0.953677
X99256.1_Hylobates_lar_complete_mitochondrial_DNA_sequence 0.948181 0.950810 0.947071 0.944662 0.945053 0.954439 0.948768 0.952133 0.000000 0.947207 0.952093 0.953037 0.946481 0.946404 0.949550 0.945835 0.941199 0.946446 0.944466 0.950528 0.950332 0.946031 0.936307 0.941165 0.936058 0.945529 0.952092 0.918459 0.939105 0.939429 0.953266 0.945232 0.949690 0.952092 0.950165 0.937187 0.939078 0.947399 0.937740 0.947008 0.947816 0.950864 0.946251 0.944993 0.939773 0.946617 0.949239 0.948377 0.957372 0.947595 0.945444 0.930192 0.946061 0.948410 0.948964 0.948999 0.915135 0.940946 0.944662
Y10524.1_Macropus_robustus_complete_mitochondrial_genome 0.947975 0.956998 0.945671 0.949510 0.949510 0.952006 0.946247 0.928777 0.950278 0.000000 0.948167 0.953350 0.949127 0.948743 0.957573 0.944711 0.943559 0.947783 0.947591 0.948359 0.946823 0.951046 0.951046 0.949894 0.951622 0.951622 0.944135 0.954310 0.948551 0.942791 0.950470 0.947399 0.947399 0.934536 0.927433 0.944711 0.942599 0.945287 0.946823 0.950854 0.949510 0.950470 0.939336 0.949894 0.940680 0.947399 0.948551 0.948935 0.952006 0.951238 0.945287 0.953542 0.950086 0.952390 0.948359 0.959493 0.948167 0.953926 0.953350
U96639.2_Canis_familiaris_mitochondrion,_complete_genome 0.940993 0.950341 0.942596 0.943135 0.934372 0.953067 0.940409 0.954835 0.955015 0.948935 0.000000 0.933825 0.940469 0.943330 0.948393 0.945278 0.944315 0.943914 0.940604 0.931061 0.950925 0.942941 0.946446 0.940019 0.939046 0.942356 0.947420 0.947030 0.939689 0.936711 0.948978 0.945038 0.950271 0.952678 0.946868 0.933333 0.934066 0.948199 0.941199 0.949562 0.948976 0.937464 0.947420 0.943056 0.934761 0.946056 0.946835 0.949367 0.952093 0.943525 0.933398 0.953651 0.947225 0.941234 0.945862 0.953233 0.952483 0.945862 0.952093
U20753.1_Felis_catus_mitochondrion,_complete_genome 0.933825 0.947021 0.935572 0.935572 0.929167 0.945081 0.935572 0.943254 0.945469 0.943751 0.927421 0.000000 0.937561 0.934407 0.943722 0.938676 0.930332 0.925868 0.939259 0.934213 0.944886 0.940035 0.939065 0.936154 0.932272 0.937900 0.936542 0.941587 0.931496 0.927033 0.938871 0.935572 0.935759 0.951096 0.941827 0.936416 0.935608 0.931496 0.935050 0.938094 0.942598 0.934213 0.938482 0.932985 0.929556 0.941587 0.939841 0.940811 0.948768 0.938676 0.931690 0.942170 0.936166 0.928045 0.935572 0.948614 0.938288 0.934795 0.943334
AJ222767.1_Cavia_porcellus_complete_mitochondrial_genome 0.943766 0.950553 0.941245 0.940469 0.942602 0.948226 0.941051 0.951747 0.945899 0.940104 0.944929 0.942602 0.000000 0.941245 0.952298 0.943378 0.941245 0.939888 0.940081 0.942408 0.940275 0.940857 0.947062 0.946093 0.942021 0.947256 0.949195 0.950359 0.935234 0.937755 0.947062 0.941827 0.947755 0.948614 0.945705 0.939499 0.936958 0.944735 0.942352 0.943184 0.948976 0.941633 0.936591 0.944218 0.935040 0.943184 0.943766 0.944735 0.947644 0.941245 0.939694 0.948614 0.942990 0.949583 0.940275 0.950346 0.942990 0.948420 0.950165
AJ421723.1_Dugong_dugon_complete_mitochondrial_genome 0.937829 0.947768 0.937147 0.947379 0.942311 0.949717 0.945040 0.950782 0.949912 0.949127 0.948588 0.947991 0.945511 0.000000 0.952056 0.944065 0.938668 0.943525 0.949717 0.942311 0.948158 0.941532 0.947799 0.947768 0.944455 0.951082 0.947379 0.954590 0.939494 0.937682 0.943286 0.943290 0.946207 0.951471 0.949971 0.935067 0.930210 0.947184 0.944081 0.942701 0.949169 0.936493 0.935735 0.941894 0.931008 0.937829 0.947574 0.950302 0.950497 0.944065 0.937634 0.951666 0.944315 0.945306 0.942117 0.952079 0.948353 0.947574 0.949912
AF348079.1_Echinosorex_gymnura_mitochondrion,_complete_genome 0.946068 0.952957 0.948434 0.945676 0.949186 0.959050 0.948170 0.953098 0.951310 0.955270 0.946056 0.947021 0.952880 0.948548 0.000000 0.951210 0.944315 0.948783 0.948103 0.951765 0.950266 0.947038 0.948383 0.955043 0.948103 0.947286 0.942038 0.952241 0.945331 0.940982 0.953958 0.949311 0.952206 0.953629 0.951328 0.949904 0.950646 0.949260 0.941199 0.946207 0.951488 0.952418 0.948588 0.948286 0.938431 0.947171 0.946505 0.949753 0.955094 0.945322 0.949814 0.952193 0.951688 0.945306 0.940455 0.945535 0.945989 0.956991 0.956590
AJ238588.1_Sciurus_vulgaris_complete_mitochondrial_genome 0.940380 0.949053 0.941039 0.939596 0.939376 0.951013 0.940390 0.946149 0.946617 0.942599 0.940409 0.943334 0.945317 0.938414 0.951407 0.000000 0.937889 0.937877 0.940633 0.940000 0.949439 0.936642 0.946825 0.940383 0.934932 0.946310 0.942554 0.944216 0.937938 0.935352 0.943574 0.937075 0.941176 0.946781 0.944347 0.938536 0.935223 0.936061 0.941391 0.945505 0.945690 0.941736 0.935540 0.935503 0.933922 0.941373 0.942210 0.943931 0.948849 0.944127 0.939032 0.945111 0.944703 0.942785 0.944324 0.954003 0.942750 0.948154 0.950894
AJ421471.1_Lepus_europaeus_complete_mitochondrial_genome 0.941199 0.953466 0.942012 0.939058 0.945093 0.954829 0.944899 0.951361 0.947430 0.948935 0.948988 0.947797 0.944347 0.940031 0.948598 0.946456 0.000000 0.940810 0.946067 0.942952 0.951324 0.944315 0.948209 0.946456 0.944899 0.946262 0.944899 0.949961 0.941829 0.942924 0.948014 0.945038 0.951432 0.953271 0.951910 0.939499 0.935994 0.945288 0.936972 0.937889 0.951681 0.948728 0.916861 0.938602 0.937695 0.940421 0.941978 0.944509 0.949182 0.945872 0.943731 0.947430 0.945867 0.947440 0.945093 0.949577 0.945483 0.943731 0.953076
Y19192.1_Talpa_europaea_complete_mitochondrial_genome 0.935540 0.952288 0.937926 0.934177 0.936514 0.949172 0.942162 0.947307 0.945667 0.945863 0.940409 0.940229 0.937367 0.941383 0.946446 0.944888 0.935553 0.000000 0.939046 0.936125 0.945472 0.935930 0.940214 0.939825 0.938462 0.942551 0.940798 0.945278 0.935992 0.931275 0.944499 0.939988 0.942337 0.951120 0.948807 0.936994 0.934259 0.938851 0.942544 0.937877 0.951295 0.934356 0.937293 0.940538 0.926388 0.936319 0.941967 0.946446 0.945862 0.941188 0.939241 0.950536 0.943539 0.934057 0.940409 0.947460 0.943525 0.937293 0.949562
X61145.1_Balaenoptera_physalus_mitochondrial_complete_genome 0.940184 0.949444 0.935591 0.933712 0.940357 0.945744 0.933360 0.948659 0.941729 0.942791 0.938072 0.940229 0.942796 0.944650 0.942992 0.945744 0.940226 0.937877 0.000000 0.946667 0.941616 0.937230 0.934749 0.933933 0.932966 0.934205 0.942795 0.941280 0.927043 0.933993 0.943574 0.936493 0.940789 0.949912 0.949001 0.935453 0.935030 0.939257 0.936779 0.932966 0.943177 0.942513 0.935346 0.936277 0.926078 0.943975 0.934791 0.942992 0.951838 0.912915 0.932758 0.940240 0.939853 0.928433 0.935718 0.950346 0.939257 0.934603 0.943822
X72004.1_Halichoerus_grypus_complete_mitochondrial_genome 0.934510 0.946516 0.936174 0.933725 0.919608 0.947647 0.927255 0.944798 0.943488 0.939912 0.921714 0.931690 0.937367 0.931008 0.944118 0.933333 0.926986 0.929698 0.935686 0.000000 0.943529 0.930392 0.941566 0.931783 0.933725 0.935767 0.938824 0.941672 0.935603 0.927781 0.934953 0.932997 0.935565 0.949325 0.946481 0.935067 0.934259 0.933725 0.940046 0.935882 0.946077 0.923480 0.935151 0.938795 0.925098 0.936078 0.934205 0.936471 0.946078 0.939020 0.911390 0.942157 0.937912 0.933476 0.934510 0.945535 0.937451 0.939020 0.945490
AJ301644.1_Thryonomys_swinderianus_complete_mitochondrial_genome 0.942146 0.952176 0.937342 0.943714 0.945458 0.950464 0.944740 0.950589 0.949355 0.942599 0.943720 0.947603 0.936785 0.944065 0.951056 0.947078 0.938863 0.937098 0.941616 0.944314 0.000000 0.941546 0.948773 0.946052 0.946530 0.944748 0.942767 0.949305 0.938716 0.940400 0.945533 0.944261 0.950658 0.946977 0.946093 0.945087 0.941199 0.939807 0.942160 0.944039 0.949362 0.941542 0.937683 0.942475 0.934314 0.938498 0.944943 0.944346 0.954016 0.940596 0.942952 0.949280 0.946061 0.946082 0.939807 0.951501 0.946777 0.946976 0.948929
X97336.1_Rhinoceros_unicornis_complete_mitochondrial_genome 0.936458 0.952176 0.939288 0.930967 0.935857 0.947823 0.937230 0.948852 0.948377 0.945095 0.945667 0.933631 0.947644 0.941532 0.947627 0.934680 0.936721 0.939046 0.933307 0.941765 0.950373 0.000000 0.945462 0.938819 0.924872 0.946896 0.946842 0.943433 0.937160 0.936323 0.938480 0.941930 0.944466 0.949129 0.949971 0.934875 0.933488 0.940173 0.941968 0.939192 0.952261 0.939406 0.944499 0.936084 0.929216 0.942330 0.945139 0.941546 0.952923 0.944684 0.936483 0.943115 0.937524 0.945112 0.943115 0.946882 0.943115 0.898195 0.942723
Y18001.1_Papio_hamadryas_mitochondrial_DNA,_complete_genome 0.945072 0.952668 0.943763 0.947020 0.949357 0.954616 0.947994 0.953870 0.940008 0.954502 0.946835 0.950126 0.948226 0.948383 0.952863 0.953837 0.943341 0.946446 0.940982 0.947409 0.957343 0.944488 0.000000 0.944293 0.947409 0.948578 0.945072 0.936891 0.941245 0.944671 0.952668 0.945621 0.948529 0.953642 0.951328 0.943545 0.943513 0.946436 0.947156 0.949357 0.950329 0.945232 0.946251 0.942669 0.941761 0.950331 0.947994 0.949162 0.955980 0.946046 0.943709 0.934749 0.948390 0.948798 0.947604 0.953811 0.938255 0.949357 0.944293
AJ010957.1_Hippopotamus_amphibius_complete_mitochondrial_DNA_sequence 0.939210 0.946906 0.900175 0.940383 0.941165 0.952111 0.930023 0.953098 0.942142 0.945479 0.943914 0.941976 0.938724 0.944845 0.950547 0.939406 0.938474 0.936514 0.932369 0.938233 0.947224 0.938819 0.946241 0.000000 0.930805 0.940453 0.941360 0.949765 0.938327 0.930111 0.946247 0.940959 0.940209 0.950156 0.947062 0.936802 0.937536 0.941556 0.939854 0.937842 0.942791 0.939017 0.934761 0.939764 0.930219 0.942338 0.946115 0.946443 0.952306 0.937842 0.938428 0.948788 0.939853 0.941040 0.943706 0.946690 0.944292 0.937256 0.949570
X79547.1_Equus_caballus_mitochondrial_DNA_complete_sequence 0.942342 0.950224 0.944736 0.816827 0.942711 0.955966 0.939257 0.954449 0.945444 0.951814 0.942356 0.939065 0.946287 0.943286 0.947906 0.945744 0.945288 0.946056 0.936505 0.938627 0.954394 0.921342 0.948383 0.940188 0.000000 0.949043 0.952428 0.949892 0.938327 0.932052 0.944553 0.942125 0.952012 0.956173 0.955788 0.939499 0.942163 0.950069 0.941776 0.938471 0.951488 0.945426 0.945083 0.942863 0.935686 0.944761 0.945920 0.947120 0.955966 0.939257 0.940992 0.950069 0.947225 0.942785 0.944368 0.951501 0.950265 0.927141 0.946376
AF348159.1_Cephalopachus_bancanus_mitochondrion,_complete_genome 0.945529 0.952372 0.946293 0.945139 0.943381 0.956072 0.947091 0.947307 0.950800 0.950278 0.950146 0.946051 0.944154 0.946599 0.950800 0.948067 0.946067 0.947420 0.945139 0.951581 0.953534 0.950800 0.950526 0.949043 0.945529 0.000000 0.939282 0.948848 0.939689 0.939041 0.951972 0.947563 0.953947 0.953143 0.944735 0.944123 0.946212 0.944162 0.940430 0.952362 0.951102 0.947951 0.946056 0.941313 0.942015 0.951777 0.946896 0.951386 0.958415 0.946310 0.944943 0.952167 0.946449 0.945500 0.943577 0.960162 0.950215 0.953143 0.947481
J01420.1_Mouse_mitochondrion,_complete_genome 0.936066 0.947297 0.937342 0.946852 0.941142 0.947754 0.943561 0.944605 0.946031 0.947015 0.937488 0.941005 0.938336 0.940557 0.943027 0.938422 0.940810 0.939825 0.947317 0.945098 0.947898 0.943900 0.942929 0.943315 0.943975 0.935572 0.000000 0.946761 0.935019 0.938459 0.940439 0.934550 0.943111 0.947173 0.941827 0.934489 0.934644 0.907206 0.940623 0.943645 0.948203 0.939600 0.938267 0.937246 0.933529 0.937118 0.938305 0.940639 0.940612 0.940584 0.937267 0.948044 0.940823 0.940652 0.920745 0.950539 0.944412 0.943637 0.946376
X93334.1_Homo_sapiens_mitochondrial_DNA,_complete_genome 0.944803 0.952957 0.948628 0.943629 0.946565 0.951850 0.947152 0.950589 0.918850 0.949510 0.945862 0.947215 0.944541 0.945625 0.948131 0.944803 0.942952 0.942162 0.944412 0.950284 0.951850 0.945390 0.933970 0.946638 0.941867 0.948262 0.946173 0.000000 0.937354 0.943312 0.948718 0.938240 0.948529 0.952260 0.949195 0.942582 0.940621 0.945390 0.941391 0.948131 0.951488 0.945232 0.946835 0.947899 0.936387 0.948522 0.941429 0.947935 0.953807 0.946761 0.947152 0.916226 0.948002 0.945306 0.946369 0.952848 0.871012 0.949109 0.944999
AF061340.1_Artibeus_jamaicensis_mitochondrial_DNA,_complete_genome 0.945136 0.953502 0.942802 0.942412 0.942412 0.949222 0.939494 0.951747 0.946887 0.950278 0.942996 0.943722 0.937948 0.944163 0.946498 0.943774 0.940856 0.942218 0.939105 0.946109 0.951167 0.936770 0.944942 0.943385 0.942607 0.938521 0.942218 0.943385 0.000000 0.925063 0.947665 0.932414 0.948529 0.952140 0.946868 0.943353 0.941970 0.945914 0.938317 0.938327 0.945110 0.947174 0.939105 0.945381 0.935214 0.950778 0.942802 0.949222 0.950000 0.940272 0.942607 0.944163 0.946255 0.932894 0.940661 0.948999 0.940078 0.944553 0.948054
AF321050.1_Pteropus_scapulatus_mitochondrial_DNA,_complete_genome 0.940982 0.948942 0.937682 0.937100 0.940012 0.946418 0.934770 0.949817 0.945836 0.943367 0.942535 0.933825 0.942214 0.941176 0.942924 0.937682 0.939235 0.931275 0.935741 0.936323 0.945642 0.936323 0.943894 0.938070 0.933799 0.944477 0.939623 0.944283 0.927004 0.000000 0.947971 0.929140 0.941370 0.953990 0.943378 0.933526 0.933488 0.942147 0.937356 0.938847 0.944724 0.938264 0.940206 0.939183 0.924092 0.942147 0.943312 0.947195 0.952631 0.940982 0.935741 0.946224 0.946255 0.936385 0.940788 0.947267 0.937488 0.938653 0.950883
AJ421454.1_Manis_tetradactyla_complete_mitochondrial_genome 0.943770 0.949639 0.937342 0.947688 0.937696 0.953174 0.943966 0.953098 0.948573 0.945095 0.945278 0.945081 0.945317 0.940363 0.950039 0.943182 0.937111 0.942941 0.946121 0.942202 0.943966 0.937304 0.946241 0.946443 0.944161 0.946505 0.940635 0.945586 0.935798 0.941371 0.000000 0.941348 0.945240 0.950890 0.950747 0.942389 0.936572 0.944553 0.944466 0.947492 0.949555 0.941930 0.937293 0.941313 0.936716 0.944749 0.944358 0.940831 0.946708 0.943966 0.941418 0.947688 0.944509 0.947828 0.942790 0.949192 0.944161 0.949060 0.948276
AF321051.1_Chalinolobus_tuberculatus_mitochondrial_DNA,_complete_genome 0.943873 0.953972 0.947174 0.944067 0.941348 0.952418 0.941736 0.950589 0.948728 0.948167 0.944649 0.939453 0.944929 0.945038 0.951253 0.947951 0.944067 0.940959 0.941930 0.948728 0.944649 0.943678 0.947757 0.945621 0.945426 0.946203 0.946009 0.941542 0.931249 0.930887 0.943290 0.000000 0.951045 0.951253 0.946481 0.937187 0.937151 0.943678 0.946772 0.944261 0.947236 0.942125 0.936104 0.942475 0.935716 0.946203 0.945621 0.954554 0.956496 0.948922 0.945232 0.948339 0.946255 0.942785 0.939211 0.950346 0.942902 0.941348 0.951835
Y11832.1_Dasypus_novemcinctus_complete_mitochondrial_genome 0.945627 0.952206 0.943692 0.944272 0.950464 0.952206 0.946594 0.953870 0.950271 0.948935 0.949303 0.946981 0.955108 0.946014 0.954915 0.948723 0.943885 0.944659 0.947175 0.947175 0.955882 0.944659 0.948336 0.943692 0.946014 0.951625 0.948142 0.949884 0.946014 0.942144 0.950658 0.948142 0.000000 0.951819 0.949110 0.944123 0.942356 0.944272 0.947733 0.944659 0.949555 0.947755 0.949690 0.945046 0.944079 0.949110 0.948529 0.949884 0.947949 0.947949 0.943111 0.948142 0.948142 0.948529 0.947755 0.955543 0.947175 0.951819 0.951819
Z29573.1_Didelphis_virginiana_complete_mitochondrial_genome 0.945803 0.955885 0.945709 0.948934 0.952260 0.950890 0.952260 0.941131 0.952874 0.929353 0.951899 0.951679 0.947644 0.950497 0.953238 0.944825 0.947625 0.950146 0.952455 0.953238 0.945999 0.949325 0.952474 0.948397 0.950499 0.950800 0.947760 0.953042 0.949416 0.948360 0.952847 0.950864 0.951238 0.000000 0.938530 0.948170 0.943705 0.947955 0.950615 0.952651 0.954774 0.951641 0.944888 0.948286 0.941499 0.952847 0.950020 0.953042 0.954999 0.949716 0.947368 0.950695 0.949360 0.950543 0.950499 0.959007 0.952260 0.958130 0.954412
AF358864.1_Isoodon_macrourus_mitochondrion,_complete_genome 0.950747 0.955788 0.944929 0.950747 0.946674 0.952104 0.945705 0.922795 0.945511 0.923786 0.944929 0.941827 0.947450 0.943378 0.955400 0.942796 0.947838 0.946481 0.949583 0.950940 0.952298 0.946093 0.951910 0.950940 0.949583 0.943184 0.942602 0.951716 0.941245 0.941439 0.952880 0.942796 0.947175 0.939306 0.000000 0.941618 0.942163 0.945123 0.942544 0.949389 0.944337 0.947644 0.942602 0.945768 0.940469 0.947838 0.945899 0.948226 0.956758 0.948420 0.945317 0.953461 0.949389 0.946481 0.940857 0.958045 0.951134 0.954625 0.948614
AF217811.1_Tupaia_belangeri_mitochondrion,_complete_sequence 0.942004 0.950289 0.944509 0.942967 0.937958 0.954143 0.942004 0.947399 0.945087 0.948551 0.938921 0.941426 0.942389 0.942582 0.954143 0.939692 0.939499 0.936994 0.933719 0.942582 0.950482 0.938921 0.944701 0.938728 0.940077 0.942389 0.944123 0.947977 0.936224 0.937380 0.947977 0.937572 0.946243 0.952794 0.945472 0.000000 0.170135 0.944894 0.937932 0.941233 0.947399 0.944701 0.937765 0.943353 0.940077 0.947206 0.941618 0.943931 0.944701 0.947592 0.942967 0.951060 0.940655 0.937187 0.940462 0.949769 0.947784 0.936802 0.951445
AJ421453.1_Tupaia_belangeri_complete_mitochondrial_genome 0.940042 0.951610 0.941199 0.942163 0.936379 0.950453 0.939271 0.948140 0.945826 0.945671 0.938886 0.940235 0.939657 0.939078 0.954502 0.936187 0.936958 0.933873 0.932909 0.939850 0.947947 0.937343 0.945441 0.940814 0.943513 0.943705 0.943898 0.947947 0.933488 0.937151 0.942741 0.937536 0.944862 0.949296 0.945441 0.170328 0.000000 0.941970 0.938317 0.940428 0.945633 0.942163 0.936187 0.942163 0.936572 0.941585 0.939464 0.940814 0.940814 0.946597 0.941006 0.948525 0.940621 0.938886 0.944862 0.951309 0.945441 0.939078 0.948911
AJ428514.1_Rattus_norvegicus_complete_mitochondrial_genome,_wild-caught_animal_(Copenhagen,_Denmark) 0.938027 0.955495 0.939288 0.944499 0.944085 0.948075 0.943929 0.948852 0.948964 0.941064 0.941577 0.938676 0.944929 0.941337 0.946890 0.941176 0.935164 0.944109 0.942009 0.945294 0.945925 0.941938 0.943319 0.944879 0.943582 0.942405 0.906614 0.944020 0.941245 0.937876 0.946121 0.942319 0.944853 0.948738 0.945705 0.936994 0.934644 0.000000 0.943889 0.941281 0.949555 0.942319 0.942162 0.937439 0.932157 0.938301 0.943186 0.939388 0.946298 0.940979 0.936091 0.943929 0.944703 0.942009 0.926752 0.954773 0.946383 0.946190 0.948733
AF348080.1_Ochotona_collaris_mitochondrion,_complete_genome 0.947733 0.955995 0.943313 0.944850 0.948309 0.956188 0.943313 0.950807 0.946003 0.947399 0.937932 0.942544 0.942736 0.944274 0.947540 0.949462 0.939470 0.941007 0.946580 0.946964 0.952537 0.944274 0.947925 0.946387 0.940430 0.943889 0.942160 0.941583 0.941583 0.937164 0.946964 0.944850 0.948885 0.953882 0.942736 0.935626 0.936587 0.946580 0.000000 0.942544 0.951576 0.945427 0.939085 0.942352 0.942160 0.950615 0.946580 0.951576 0.955035 0.945811 0.948117 0.947156 0.945619 0.938893 0.936587 0.951960 0.945234 0.944274 0.950615
AJ002189.1_Sus_scrofa_complete_mitochondrial_DNA 0.938812 0.949834 0.941039 0.935674 0.938788 0.946404 0.931626 0.950782 0.947986 0.947399 0.947809 0.939065 0.945705 0.942117 0.944433 0.943931 0.937305 0.937098 0.933753 0.941176 0.945025 0.936053 0.947215 0.939210 0.934539 0.944553 0.942069 0.949697 0.937938 0.935935 0.943182 0.940959 0.940789 0.948934 0.953849 0.933719 0.933873 0.934384 0.943889 0.000000 0.948976 0.938435 0.942941 0.939764 0.930000 0.942857 0.941624 0.944631 0.948768 0.942463 0.935895 0.949163 0.948002 0.941040 0.943054 0.943803 0.946601 0.933425 0.952662
X83427.1_Ornithorhynchus_anatinus_mitochondrial_DNA,_complete_genome 0.950715 0.958639 0.945110 0.947816 0.948589 0.931194 0.951102 0.946149 0.947429 0.943943 0.945497 0.949749 0.946656 0.949942 0.956127 0.948589 0.949169 0.948203 0.946270 0.952648 0.953228 0.949362 0.947236 0.947429 0.946270 0.948589 0.947236 0.947816 0.943564 0.939892 0.952261 0.943564 0.948976 0.951102 0.946463 0.941618 0.939464 0.950715 0.946964 0.949749 0.000000 0.945303 0.946270 0.949942 0.945303 0.950135 0.949749 0.952648 0.956320 0.949749 0.949362 0.951295 0.948589 0.947429 0.946270 0.950731 0.946850 0.954387 0.952261
AJ428577.1_Ursus_maritimus_complete_mitochondrial_genome 0.938046 0.947951 0.942513 0.943873 0.937269 0.946397 0.936104 0.952133 0.948534 0.950470 0.944067 0.940035 0.942021 0.937075 0.953583 0.948145 0.944844 0.940377 0.942513 0.933968 0.948534 0.944067 0.945232 0.943096 0.946203 0.948922 0.947174 0.949116 0.943096 0.937488 0.948534 0.943484 0.946981 0.954360 0.948420 0.940077 0.936765 0.940765 0.949462 0.941348 0.950329 0.000000 0.942707 0.940345 0.936298 0.940959 0.944649 0.941736 0.948922 0.948145 0.927170 0.949116 0.945673 0.950349 0.950476 0.955350 0.946009 0.949311 0.951835
AJ001588.1_Oryctolagus_cuniculus_complete_mitochondrial_genome 0.937098 0.953457 0.942207 0.944109 0.943914 0.949562 0.941188 0.947500 0.946446 0.945479 0.947030 0.950902 0.938530 0.937683 0.950730 0.939630 0.915304 0.942356 0.945278 0.941577 0.947809 0.942162 0.948393 0.945862 0.944109 0.948199 0.943135 0.943525 0.939689 0.940594 0.939435 0.942125 0.945046 0.947809 0.951910 0.938343 0.935608 0.939046 0.936972 0.937098 0.953034 0.942319 0.000000 0.933566 0.931451 0.942746 0.941188 0.945278 0.953262 0.940798 0.940993 0.947420 0.942763 0.943949 0.941772 0.946497 0.947614 0.947614 0.948393
AJ421451.1_Lemur_catta_mitochondrion_complete_mitochondrial_genome 0.942863 0.949835 0.938795 0.940151 0.943056 0.956227 0.941313 0.949238 0.948480 0.946823 0.943637 0.946543 0.942863 0.940151 0.948480 0.944412 0.939570 0.943637 0.947317 0.950029 0.951772 0.946349 0.944412 0.943637 0.947317 0.946543 0.946349 0.949835 0.939183 0.941120 0.946543 0.945187 0.947949 0.955065 0.951385 0.938921 0.936765 0.942282 0.946003 0.937633 0.955547 0.945574 0.939376 0.000000 0.933372 0.943056 0.946155 0.944800 0.947899 0.946155 0.938989 0.948867 0.942863 0.939764 0.944606 0.953426 0.946736 0.945574 0.951966
AF010406.1_Ovis_aries_complete_mitochondrial_genome 0.935098 0.948663 0.931699 0.937843 0.934118 0.950000 0.910392 0.948852 0.945639 0.943175 0.939630 0.932855 0.937948 0.937829 0.943922 0.940980 0.938863 0.933204 0.933922 0.930000 0.941569 0.930588 0.947799 0.938624 0.940000 0.944358 0.937843 0.943042 0.932685 0.927781 0.942006 0.933385 0.946014 0.952260 0.945705 0.937958 0.935030 0.942157 0.942544 0.935098 0.947429 0.936104 0.932814 0.934534 0.000000 0.938824 0.937915 0.942745 0.946275 0.932745 0.935503 0.946667 0.942569 0.935609 0.939412 0.943610 0.942941 0.937451 0.948627
AJ421452.1_Macroscelides_proboscideus_complete_mitochondrial_genome 0.932732 0.947882 0.942207 0.945283 0.945654 0.953085 0.942440 0.954256 0.951115 0.947399 0.949757 0.950126 0.946093 0.940363 0.950522 0.947865 0.940226 0.939825 0.949872 0.941765 0.947960 0.943115 0.943903 0.945661 0.947906 0.948458 0.942440 0.947544 0.943385 0.941176 0.948276 0.944455 0.947368 0.949129 0.953073 0.944701 0.940042 0.939484 0.946772 0.943842 0.955547 0.941154 0.941577 0.936277 0.936275 0.000000 0.945724 0.942440 0.950325 0.941061 0.937463 0.951902 0.943345 0.947634 0.942440 0.952656 0.947566 0.947565 0.955215
AJ309867.1_Nycticebus_coucang_mitochondrial_genome 0.948262 0.956080 0.946488 0.946896 0.944943 0.949434 0.947286 0.947887 0.950215 0.948167 0.947225 0.955366 0.945899 0.946599 0.944358 0.947091 0.942562 0.943720 0.944748 0.946505 0.947872 0.951581 0.949162 0.943186 0.950020 0.951972 0.939477 0.953729 0.942802 0.943118 0.946701 0.948145 0.951432 0.952362 0.948226 0.941233 0.939850 0.945139 0.942352 0.949239 0.950908 0.943484 0.941967 0.941894 0.938110 0.944943 0.000000 0.951972 0.950996 0.945334 0.940258 0.949629 0.945285 0.949961 0.942015 0.955350 0.950800 0.952362 0.949434
AJ400734.2_Echinops_telfairi_complete_mitochondrial_genome 0.934497 0.945149 0.939093 0.945676 0.943104 0.949139 0.947985 0.949817 0.943880 0.940680 0.945667 0.947409 0.942796 0.940947 0.940851 0.940390 0.940031 0.939046 0.945351 0.945882 0.950464 0.944096 0.943514 0.942142 0.948889 0.950996 0.946198 0.945195 0.941829 0.940206 0.943378 0.946009 0.945046 0.950499 0.948420 0.938343 0.935030 0.940967 0.943889 0.947783 0.950715 0.941736 0.939046 0.946349 0.933922 0.935541 0.942991 0.000000 0.950566 0.946111 0.937855 0.944488 0.945673 0.947052 0.943135 0.949577 0.943426 0.949136 0.947751
AJ421450.1_Tamandua_tetradactyla_complete_mitochondrial_genome 0.939988 0.944173 0.941623 0.948029 0.941142 0.949139 0.935413 0.954256 0.946031 0.947015 0.943914 0.945857 0.945899 0.940947 0.952522 0.944127 0.941978 0.939630 0.942992 0.942745 0.950464 0.943900 0.947409 0.936278 0.944171 0.945920 0.941412 0.950871 0.940078 0.935935 0.942986 0.946009 0.942531 0.948151 0.953267 0.939692 0.936958 0.940770 0.945427 0.939310 0.947623 0.939988 0.938656 0.937246 0.933922 0.940666 0.945920 0.945801 0.000000 0.945322 0.936875 0.947847 0.943151 0.942397 0.946107 0.950731 0.950917 0.946779 0.949126
AJ277029.2_Physeter_macrocephalus_mitochondrial_genome 0.939400 0.946711 0.935980 0.942734 0.941338 0.947296 0.935847 0.952326 0.949941 0.945479 0.941772 0.948962 0.937367 0.943676 0.948677 0.942160 0.945678 0.940019 0.918616 0.942157 0.949477 0.944488 0.945072 0.939992 0.944761 0.944358 0.945322 0.945978 0.936965 0.940206 0.945729 0.945232 0.945433 0.953825 0.949583 0.946050 0.943705 0.940189 0.943121 0.938325 0.946850 0.939017 0.941577 0.938214 0.931765 0.942835 0.940258 0.947888 0.951638 0.000000 0.941384 0.943150 0.943151 0.945888 0.945717 0.953618 0.940666 0.940102 0.941072
AJ428578.2_Eumetopias_jubatus_complete_mitochondrial_genome 0.939228 0.946906 0.939288 0.939424 0.928053 0.947265 0.936483 0.952905 0.947204 0.941064 0.942356 0.936930 0.945123 0.941922 0.950794 0.940012 0.941005 0.938462 0.938443 0.923740 0.950990 0.940404 0.947020 0.939015 0.939816 0.943772 0.943344 0.948326 0.941051 0.935741 0.944553 0.945426 0.941370 0.948542 0.946674 0.944316 0.942549 0.938443 0.946580 0.938443 0.948976 0.928336 0.943135 0.939764 0.926681 0.940600 0.946115 0.944913 0.948049 0.942756 0.000000 0.949226 0.941793 0.948410 0.940796 0.953426 0.949814 0.946089 0.947657
X97707.1_Pongo_abelii_mitochondrial_genome 0.946656 0.950615 0.946293 0.946460 0.950755 0.952983 0.949625 0.952712 0.936645 0.951046 0.948783 0.953037 0.945123 0.949133 0.958317 0.951013 0.945872 0.946251 0.945351 0.949216 0.953621 0.947430 0.937086 0.948006 0.948103 0.947872 0.954168 0.915835 0.941634 0.945447 0.953566 0.946009 0.951238 0.955390 0.953267 0.946435 0.944091 0.944324 0.947925 0.947783 0.954581 0.945621 0.949562 0.946543 0.941961 0.947960 0.946505 0.952588 0.955551 0.943545 0.944129 0.000000 0.947031 0.950931 0.949032 0.955928 0.912281 0.953456 0.944019
AJ428849.1_Cynocephalus_variegatus_complete_mitochondrial_genome 0.942957 0.950330 0.943539 0.945285 0.944897 0.946255 0.940047 0.954449 0.950136 0.950662 0.944315 0.947031 0.942796 0.945479 0.952852 0.945867 0.941793 0.942957 0.944509 0.947419 0.952076 0.939659 0.944121 0.941599 0.947614 0.944897 0.942957 0.952852 0.943345 0.943733 0.947031 0.944121 0.949110 0.952270 0.951716 0.942775 0.939850 0.940047 0.944081 0.944897 0.950522 0.940241 0.941599 0.940345 0.936360 0.943345 0.946837 0.948778 0.951882 0.941987 0.941793 0.948972 0.000000 0.946470 0.946061 0.954003 0.946255 0.947031 0.952852
AF348081.1_Soriculus_fumidus_mitochondrion,_complete_genome 0.943173 0.957331 0.945112 0.944143 0.944143 0.950737 0.939682 0.948466 0.954034 0.950278 0.937936 0.939682 0.945705 0.943949 0.944531 0.946082 0.945694 0.931924 0.938712 0.940458 0.953646 0.943173 0.951901 0.945112 0.947246 0.948604 0.942203 0.949379 0.938906 0.934445 0.952483 0.943949 0.952593 0.955004 0.947062 0.934104 0.935994 0.938518 0.940046 0.941040 0.949362 0.946858 0.939876 0.939570 0.932894 0.946664 0.947828 0.947440 0.954810 0.946276 0.945112 0.953258 0.944143 0.000000 0.935027 0.953811 0.949961 0.946664 0.956943
AF348082.1_Microtus_kikuchii_mitochondrion,_complete_genome 0.941949 0.956080 0.939288 0.941557 0.942515 0.946566 0.943927 0.947307 0.946617 0.944903 0.939825 0.940617 0.941245 0.943676 0.941048 0.943144 0.937889 0.942551 0.939257 0.944706 0.947109 0.942134 0.943514 0.946443 0.941812 0.943772 0.925500 0.944803 0.939494 0.935935 0.943966 0.938240 0.948336 0.949912 0.939306 0.936224 0.936765 0.929319 0.933128 0.944631 0.944917 0.939600 0.939241 0.939764 0.934314 0.945200 0.937329 0.939766 0.952645 0.938610 0.938443 0.946464 0.941017 0.938324 0.000000 0.950731 0.948551 0.949136 0.951483
X88898.2_Erinaceus_europaeus_complete_mitochondrial_DNA_sequence 0.946112 0.957660 0.948614 0.952271 0.949384 0.959199 0.947460 0.959392 0.951116 0.956230 0.953041 0.954196 0.950154 0.953426 0.948614 0.953041 0.948037 0.944380 0.950924 0.951886 0.954773 0.949962 0.949962 0.948037 0.949384 0.955158 0.954965 0.954388 0.949192 0.948229 0.953618 0.950346 0.953041 0.957660 0.956120 0.944188 0.945343 0.950924 0.947540 0.952271 0.958237 0.952079 0.944958 0.950731 0.943033 0.949769 0.957467 0.949192 0.959199 0.955158 0.949769 0.954580 0.955928 0.952656 0.947844 0.000000 0.948614 0.950731 0.961509
X93347.1_Gorilla_gorilla_gorilla_mitochondrial_DNA._complete_genome 0.944303 0.952567 0.944542 0.943911 0.948597 0.952296 0.945791 0.951940 0.922370 0.949318 0.946641 0.949544 0.945899 0.948158 0.950719 0.948652 0.941005 0.940798 0.939257 0.947843 0.950917 0.943900 0.934554 0.952893 0.944958 0.947091 0.944412 0.867684 0.937743 0.938459 0.948864 0.941154 0.948336 0.947564 0.948420 0.943738 0.942163 0.944412 0.943889 0.945616 0.952261 0.946009 0.946056 0.945574 0.937451 0.949734 0.942405 0.948748 0.953873 0.943229 0.943737 0.919180 0.944121 0.945306 0.944806 0.951116 0.000000 0.944815 0.947358
Y07726.1_Ceratotherium_simum_complete_mitochondrial_DNA_sequence 0.945087 0.948858 0.944542 0.929594 0.938395 0.954046 0.937353 0.953291 0.943097 0.948167 0.945862 0.940035 0.949971 0.952056 0.949136 0.945405 0.945288 0.937683 0.934800 0.941569 0.955027 0.893880 0.944683 0.934910 0.921053 0.952362 0.944815 0.948718 0.939300 0.930111 0.946708 0.940377 0.950077 0.954021 0.954819 0.937765 0.939271 0.945208 0.945811 0.932050 0.952068 0.940571 0.946056 0.945381 0.930980 0.950903 0.949043 0.950118 0.954242 0.943833 0.933542 0.953456 0.943151 0.941234 0.942852 0.950154 0.947761 0.000000 0.948743
AJ309866.1_Cebus_albifrons_mitochondrial_genome 0.948029 0.954128 0.946877 0.939008 0.946243 0.951876 0.948929 0.954449 0.949355 0.949702 0.950341 0.949544 0.949195 0.950107 0.954822 0.949912 0.943146 0.949757 0.944019 0.951961 0.950304 0.942134 0.942735 0.951720 0.944608 0.945529 0.949519 0.944803 0.942023 0.944477 0.951607 0.947757 0.947562 0.954608 0.953461 0.947592 0.945633 0.950697 0.944658 0.945197 0.952455 0.947174 0.947225 0.944606 0.938627 0.950108 0.940258 0.949322 0.958947 0.941662 0.947657 0.942447 0.947614 0.951319 0.950108 0.951886 0.943626 0.946583 0.000000
