59
Y18475.1_Orycteropus_afer_complete_mitochondrial_genome 0.000000 0.764067 0.679362 0.653224 0.681808 0.780855 0.651451 0.774792 0.777975 0.760751 0.664082 0.669888 0.721449 0.651857 0.728340 0.722358 0.688191 0.674603 0.688234 0.651559 0.723466 0.652559 0.796366 0.661201 0.644582 0.697319 0.701529 0.749391 0.681143 0.662249 0.703523 0.691115 0.691342 0.674224 0.762893 0.681878 0.710804 0.690228 0.680958 0.651895 0.797723 0.715262 0.664021 0.674593 0.662752 0.674274 0.710171 0.647684 0.686018 0.695325 0.669843 0.747396 0.764161 0.711023 0.710392 0.779498 0.748504 0.649014 0.756260
AJ224821.1_Loxodonta_africana_complete_mitochondrial_genomic_sequence 0.762738 0.000000 0.758636 0.741914 0.731724 0.859548 0.718875 0.793796 0.803500 0.780616 0.755206 0.767626 0.768721 0.681477 0.778467 0.790208 0.759398 0.753527 0.835179 0.764758 0.786885 0.736376 0.838059 0.750997 0.724856 0.780682 0.815241 0.828755 0.756535 0.763199 0.780682 0.777359 0.754351 0.794849 0.794362 0.782361 0.780632 0.777581 0.779325 0.735711 0.873687 0.778783 0.773369 0.838177 0.737262 0.769827 0.795525 0.835623 0.774701 0.775809 0.763181 0.819229 0.835574 0.744620 0.808374 0.846892 0.913381 0.743465 0.803057
Y19184.1_Lama_pacos_complete_mitochondrial_genome 0.676926 0.747564 0.000000 0.604296 0.651461 0.812223 0.594996 0.819135 0.778787 0.800262 0.634411 0.621788 0.752375 0.679929 0.780779 0.715899 0.683768 0.628307 0.615589 0.623922 0.725642 0.600310 0.755536 0.574624 0.603410 0.694863 0.721213 0.761515 0.666076 0.651204 0.696191 0.682905 0.690901 0.849219 0.810970 0.699649 0.696311 0.712578 0.679652 0.596988 0.792469 0.639171 0.687169 0.735359 0.589460 0.712135 0.719221 0.772143 0.683791 0.633304 0.635518 0.739371 0.707516 0.668643 0.740257 0.744166 0.747786 0.602524 0.793623
X97337.1_Equus_asinus_complete_mitochondrial_genome 0.648792 0.739477 0.604739 0.000000 0.608986 0.778075 0.588747 0.762123 0.725508 0.733901 0.598757 0.586427 0.728960 0.646331 0.709980 0.698370 0.698142 0.606261 0.609958 0.586337 0.709333 0.493556 0.806760 0.590321 0.260996 0.652174 0.695691 0.737170 0.640889 0.593771 0.660512 0.653564 0.655651 0.736738 0.785184 0.651382 0.665349 0.677830 0.662242 0.569358 0.799256 0.610498 0.653439 0.681198 0.585045 0.690556 0.689012 0.755972 0.646573 0.632954 0.597463 0.724900 0.693851 0.635705 0.702166 0.779280 0.718464 0.482075 0.747385
AJ428576.2_Odobenus_rosmarus_rosmarus_complete_mitochondrial_genome 0.682473 0.733274 0.651461 0.607429 0.000000 0.765792 0.622331 0.768458 0.754226 0.773849 0.581669 0.592137 0.804285 0.679708 0.742438 0.720641 0.699469 0.636464 0.657251 0.503869 0.776667 0.627111 0.843451 0.648577 0.606539 0.710736 0.723532 0.740502 0.674667 0.649658 0.701957 0.689096 0.691782 0.788246 0.794143 0.707108 0.708827 0.710854 0.609140 0.623888 0.830779 0.574768 0.709656 0.693527 0.625890 0.710409 0.696115 0.789813 0.683941 0.661032 0.412144 0.765347 0.733965 0.680061 0.722865 0.775791 0.799822 0.607429 0.840302
AJ303116.1_Tachyglossus_aculeatus_complete_mitochondrial_genome 0.805451 0.862871 0.808902 0.758875 0.819173 0.000000 0.777927 0.760376 0.841330 0.734119 0.818464 0.778827 0.810912 0.776967 0.845534 0.790968 0.831490 0.785714 0.811730 0.791289 0.824667 0.777556 0.877029 0.789251 0.800581 0.785936 0.776584 0.798934 0.786444 0.787497 0.806007 0.817899 0.778365 0.772617 0.791740 0.792672 0.802591 0.781733 0.830903 0.771855 0.549694 0.822232 0.776455 0.800088 0.770759 0.778151 0.798668 0.816655 0.774793 0.769935 0.797285 0.916778 0.834252 0.782389 0.793374 0.830098 0.797137 0.796927 0.840196
V00654.1_Bos_taurus_complete_mitochondrial_genome 0.649457 0.714444 0.592338 0.582496 0.626335 0.754197 0.000000 0.743119 0.776166 0.748308 0.623169 0.597189 0.724763 0.671309 0.691305 0.694165 0.656347 0.615741 0.511310 0.516029 0.745111 0.584222 0.777630 0.574933 0.580595 0.667924 0.692429 0.721173 0.664222 0.626905 0.689433 0.652898 0.670853 0.783843 0.752841 0.669153 0.666447 0.682686 0.671817 0.559991 0.783713 0.622850 0.657848 0.662924 0.436607 0.695740 0.688790 0.747250 0.662323 0.608220 0.614152 0.731816 0.758872 0.642951 0.695349 0.659978 0.712369 0.583612 0.732695
AF357238.1_Trichosurus_vulpecula_mitochondrion,_complete_genome 0.775666 0.794670 0.822848 0.761686 0.769113 0.761031 0.749672 0.000000 0.778506 0.535036 0.767803 0.747925 0.795544 0.779161 0.778287 0.777851 0.777195 0.756444 0.792049 0.733071 0.863914 0.747488 0.823722 0.768458 0.836391 0.822412 0.750328 0.856051 0.808213 0.742027 0.778069 0.801005 0.756881 0.643076 0.559851 0.758628 0.759502 0.743338 0.773885 0.740280 0.759065 0.826125 0.773482 0.807121 0.759284 0.782656 0.825470 0.820009 0.765618 0.798384 0.756662 0.897990 0.846876 0.788336 0.753604 0.905562 0.821319 0.767366 0.796199
X99256.1_Hylobates_lar_complete_mitochondrial_DNA_sequence 0.758254 0.801728 0.787201 0.728186 0.740436 0.846463 0.778844 0.780472 0.000000 0.793277 0.746116 0.751812 0.780208 0.764810 0.817228 0.738228 0.783945 0.775132 0.761660 0.761220 0.752889 0.758000 0.613298 0.721900 0.729748 0.764641 0.794019 0.500555 0.794667 0.728739 0.770412 0.797913 0.733862 0.803214 0.830638 0.789381 0.790075 0.792680 0.749728 0.760036 0.876970 0.769740 0.747134 0.749229 0.743584 0.779737 0.732075 0.817228 0.785539 0.769694 0.751669 0.520080 0.728014 0.757795 0.748047 0.785169 0.490292 0.744823 0.728912
Y10524.1_Macropus_robustus_complete_mitochondrial_genome 0.765335 0.780397 0.804410 0.739795 0.777778 0.784763 0.766427 0.533508 0.798079 0.000000 0.760533 0.744597 0.765335 0.749836 0.785855 0.798297 0.788474 0.767300 0.806811 0.745907 0.800480 0.748090 0.846977 0.746562 0.788256 0.776031 0.759441 0.816852 0.779524 0.730845 0.779306 0.810958 0.799607 0.616459 0.583060 0.752238 0.754857 0.744816 0.807399 0.730408 0.786073 0.765553 0.757040 0.804846 0.735429 0.774722 0.841519 0.829731 0.786073 0.771666 0.751146 0.874263 0.786728 0.751801 0.757913 0.811123 0.786509 0.732809 0.839991
U96639.2_Canis_familiaris_mitochondrion,_complete_genome 0.668070 0.754984 0.625996 0.595872 0.581447 0.809809 0.626276 0.785059 0.748557 0.775595 0.000000 0.559631 0.725425 0.675508 0.761207 0.681980 0.684432 0.623898 0.648025 0.550962 0.742122 0.606525 0.760098 0.618953 0.593431 0.662600 0.701065 0.742565 0.661784 0.645461 0.697958 0.666667 0.692223 0.755448 0.756556 0.696139 0.698507 0.695073 0.677258 0.648691 0.785245 0.577415 0.698854 0.701673 0.600089 0.713715 0.691300 0.753218 0.669996 0.671105 0.578340 0.777186 0.718536 0.641853 0.715269 0.804580 0.749001 0.615846 0.776298
U20753.1_Felis_catus_mitochondrion,_complete_genome 0.665495 0.763672 0.622227 0.584450 0.591039 0.782122 0.595212 0.744430 0.748298 0.741323 0.564243 0.000000 0.718427 0.675379 0.698880 0.682627 0.670767 0.614540 0.640676 0.553920 0.723699 0.584230 0.766747 0.622227 0.597628 0.659126 0.706567 0.725895 0.647046 0.658687 0.709862 0.657808 0.674940 0.669888 0.763330 0.690434 0.693017 0.687898 0.673558 0.586427 0.783056 0.567318 0.655831 0.663519 0.605096 0.705469 0.690314 0.754887 0.666593 0.643312 0.586866 0.757523 0.724358 0.646245 0.717549 0.772083 0.743246 0.580496 0.743685
AJ222767.1_Cavia_porcellus_complete_mitochondrial_genome 0.723879 0.765187 0.755025 0.725204 0.785951 0.814005 0.760990 0.799913 0.816656 0.768828 0.727413 0.721722 0.000000 0.735807 0.758781 0.710404 0.726530 0.719356 0.754363 0.746190 0.723216 0.745748 0.793682 0.717031 0.714159 0.719240 0.772697 0.763640 0.743539 0.754584 0.751049 0.759885 0.732761 0.799472 0.802229 0.720491 0.718270 0.722995 0.739935 0.727855 0.810858 0.726070 0.709877 0.699692 0.720565 0.776231 0.734703 0.789927 0.726530 0.751270 0.754142 0.780208 0.793035 0.712341 0.731389 0.800436 0.762978 0.710404 0.814668
AJ421723.1_Dugong_dugon_complete_mitochondrial_genome 0.657383 0.700044 0.676614 0.636163 0.678382 0.775641 0.668656 0.778287 0.761715 0.752674 0.674182 0.676916 0.732936 0.000000 0.746684 0.697834 0.662025 0.674383 0.693413 0.661583 0.731874 0.658046 0.776746 0.663793 0.642573 0.690539 0.717286 0.764368 0.704686 0.661807 0.630195 0.729664 0.681868 0.761611 0.754371 0.684072 0.680281 0.708223 0.730141 0.652078 0.802758 0.674460 0.671517 0.614487 0.658709 0.678824 0.694076 0.729001 0.690981 0.687224 0.666667 0.760389 0.721181 0.682916 0.719275 0.776881 0.762378 0.643457 0.756852
AF348079.1_Echinosorex_gymnura_mitochondrion,_complete_genome 0.721693 0.776695 0.781887 0.730297 0.753114 0.840833 0.709054 0.762997 0.832180 0.790002 0.755659 0.713595 0.759885 0.758179 0.000000 0.747150 0.729766 0.703924 0.749832 0.765642 0.756889 0.722222 0.841672 0.739964 0.731724 0.743567 0.739766 0.792491 0.726000 0.766291 0.748610 0.746169 0.742675 0.779661 0.756774 0.744405 0.748353 0.734336 0.749946 0.699822 0.820709 0.796206 0.772707 0.739982 0.702232 0.754709 0.756271 0.789001 0.752809 0.769042 0.744993 0.885988 0.796341 0.714317 0.751237 0.751145 0.877209 0.727678 0.813933
AJ238588.1_Sciurus_vulgaris_complete_mitochondrial_genome 0.721914 0.792424 0.721656 0.699040 0.725534 0.796334 0.692824 0.774792 0.727293 0.775595 0.687972 0.690314 0.712834 0.709991 0.753633 0.000000 0.654356 0.703704 0.708920 0.703515 0.727778 0.692889 0.783189 0.699599 0.690588 0.703860 0.735301 0.761164 0.722000 0.713497 0.734594 0.699534 0.693325 0.793088 0.761801 0.702282 0.699385 0.699754 0.697062 0.665477 0.762478 0.758050 0.675044 0.621312 0.682366 0.705120 0.708102 0.744243 0.707132 0.715211 0.690476 0.745649 0.743884 0.696531 0.712050 0.791930 0.733065 0.684035 0.792789
AJ421471.1_Lepus_europaeus_complete_mitochondrial_genome 0.685759 0.754755 0.684211 0.701017 0.701238 0.831490 0.654135 0.792049 0.773552 0.754639 0.686422 0.669229 0.710625 0.664677 0.732419 0.653693 0.000000 0.669092 0.690845 0.670573 0.704556 0.642194 0.773994 0.672490 0.658337 0.690624 0.690402 0.734852 0.677576 0.671526 0.705219 0.708757 0.695307 0.760731 0.759397 0.658622 0.650856 0.696594 0.616540 0.656347 0.790718 0.732686 0.439153 0.665125 0.661433 0.711190 0.673817 0.752764 0.673817 0.699027 0.682663 0.739717 0.714128 0.678964 0.724016 0.763577 0.742813 0.654578 0.771561
Y19192.1_Talpa_europaea_complete_mitochondrial_genome 0.678571 0.755511 0.635362 0.607804 0.638889 0.779541 0.621473 0.755789 0.774030 0.771011 0.622354 0.609269 0.719577 0.670194 0.680335 0.688492 0.666667 0.000000 0.656526 0.626543 0.718474 0.601411 0.759039 0.632937 0.609347 0.671737 0.691138 0.762125 0.630291 0.619709 0.684744 0.682540 0.677682 0.817962 0.755900 0.671566 0.666227 0.688051 0.680087 0.605600 0.791813 0.625441 0.682540 0.681418 0.616402 0.690256 0.708554 0.751984 0.657848 0.678131 0.640212 0.767857 0.706414 0.615283 0.708554 0.779062 0.764109 0.607363 0.811067
X61145.1_Balaenoptera_physalus_mitochondrial_complete_genome 0.684910 0.830306 0.616253 0.610181 0.658808 0.811283 0.513102 0.783967 0.743361 0.798952 0.647137 0.639798 0.754363 0.689213 0.730571 0.704002 0.687528 0.656085 0.000000 0.638735 0.721556 0.609333 0.751612 0.579393 0.604516 0.685892 0.730795 0.732726 0.661333 0.671968 0.698554 0.678437 0.702137 0.782963 0.770105 0.700088 0.693895 0.718701 0.686398 0.581624 0.793783 0.646449 0.679894 0.736460 0.589732 0.723404 0.708990 0.766629 0.692497 0.481572 0.657988 0.736502 0.723606 0.671717 0.733035 0.690076 0.784836 0.605433 0.795237
X72004.1_Halichoerus_grypus_complete_mitochondrial_genome 0.650232 0.760999 0.620385 0.585673 0.504975 0.789520 0.594517 0.731542 0.756577 0.737612 0.551404 0.553042 0.748398 0.662246 0.730931 0.699536 0.676763 0.629189 0.640504 0.000000 0.713243 0.579925 0.778908 0.615742 0.592527 0.672341 0.698872 0.728499 0.657307 0.617186 0.708822 0.677426 0.671954 0.745763 0.748033 0.678587 0.679842 0.702631 0.657889 0.596286 0.779335 0.528672 0.660714 0.679436 0.597391 0.695335 0.698651 0.742207 0.670352 0.649127 0.478222 0.755693 0.760414 0.653491 0.706832 0.764449 0.732921 0.580146 0.754145
AJ301644.1_Thryonomys_swinderianus_complete_mitochondrial_genome 0.721914 0.785556 0.727857 0.712667 0.754222 0.822000 0.749333 0.851682 0.764222 0.799170 0.757656 0.733143 0.725867 0.733422 0.744889 0.727333 0.704113 0.727513 0.732000 0.724961 0.000000 0.737778 0.792222 0.734667 0.714444 0.742680 0.719556 0.765163 0.751778 0.707753 0.654444 0.739951 0.719542 0.759410 0.783435 0.716762 0.714537 0.731333 0.731882 0.705111 0.788529 0.733348 0.724647 0.741303 0.714000 0.731556 0.733185 0.784667 0.735556 0.764444 0.733778 0.788444 0.750276 0.723101 0.750444 0.794111 0.759111 0.717111 0.809333
X97336.1_Rhinoceros_unicornis_complete_mitochondrial_genome 0.650565 0.737926 0.601860 0.492222 0.626000 0.771556 0.583333 0.749017 0.757333 0.737830 0.621616 0.580936 0.748840 0.658046 0.714222 0.691556 0.643078 0.599427 0.609556 0.581915 0.733333 0.000000 0.754000 0.583556 0.497556 0.651952 0.693556 0.725617 0.641111 0.607687 0.691778 0.635576 0.675479 0.764033 0.773383 0.665862 0.662714 0.687778 0.656801 0.564444 0.775394 0.601235 0.647046 0.660942 0.582222 0.691111 0.666149 0.770667 0.657778 0.622000 0.605333 0.739333 0.671589 0.641195 0.701556 0.737186 0.717333 0.376222 0.750222
Y18001.1_Papio_hamadryas_mitochondrial_DNA,_complete_genome 0.780634 0.840053 0.764393 0.766511 0.844341 0.841672 0.779631 0.823067 0.615299 0.847632 0.776964 0.769383 0.820190 0.781388 0.822548 0.783634 0.773109 0.755732 0.751167 0.776476 0.791333 0.748889 0.000000 0.779408 0.719368 0.760426 0.747165 0.615641 0.816667 0.752596 0.862797 0.842549 0.762282 0.832490 0.838942 0.752523 0.753623 0.775183 0.738411 0.746498 0.834063 0.798412 0.799824 0.740863 0.795642 0.772293 0.781576 0.829442 0.752057 0.771626 0.772070 0.632199 0.767027 0.764383 0.796531 0.828790 0.622193 0.762064 0.761619
AJ010957.1_Hippopotamus_amphibius_complete_mitochondrial_DNA_sequence 0.664746 0.739477 0.574181 0.590544 0.648132 0.780107 0.576271 0.767366 0.719447 0.767081 0.620728 0.620470 0.748840 0.669761 0.722123 0.695138 0.675365 0.630511 0.577386 0.617511 0.746444 0.590444 0.780965 0.000000 0.585638 0.686557 0.740856 0.765163 0.652889 0.636404 0.689433 0.683100 0.682089 0.755668 0.852710 0.686266 0.687747 0.717886 0.696627 0.582070 0.806480 0.626378 0.705467 0.689124 0.575602 0.702275 0.706104 0.742194 0.662132 0.586753 0.619938 0.749554 0.705312 0.691919 0.723015 0.763795 0.718332 0.575596 0.752726
X79547.1_Equus_caballus_mitochondrial_DNA_complete_sequence 0.650343 0.725742 0.602303 0.258763 0.606762 0.788956 0.580371 0.836391 0.746039 0.787164 0.589658 0.586646 0.722112 0.653625 0.719428 0.691035 0.661875 0.604718 0.600939 0.588105 0.714889 0.497111 0.791416 0.584077 0.000000 0.650621 0.701990 0.730282 0.643333 0.595759 0.660067 0.652010 0.661820 0.747304 0.769012 0.655989 0.656566 0.680528 0.647878 0.564674 0.797942 0.612483 0.658289 0.681638 0.585491 0.698860 0.692564 0.752962 0.647217 0.617601 0.605474 0.716644 0.694512 0.629996 0.695059 0.752236 0.727476 0.489423 0.749388
AF348159.1_Cephalopachus_bancanus_mitochondrion,_complete_genome 0.686904 0.781568 0.692205 0.652839 0.712511 0.786380 0.668146 0.820227 0.762201 0.776031 0.666371 0.660444 0.718357 0.689876 0.748669 0.700089 0.695268 0.706349 0.687888 0.680964 0.743123 0.652839 0.765972 0.687888 0.651952 0.000000 0.706300 0.741127 0.704303 0.730064 0.722715 0.718722 0.716237 0.772177 0.763767 0.672883 0.675889 0.722493 0.690968 0.673248 0.764667 0.731584 0.662919 0.654337 0.690772 0.736690 0.682786 0.749113 0.696539 0.698980 0.701420 0.742014 0.708618 0.694554 0.710736 0.765540 0.717169 0.679015 0.712289
J01420.1_Mouse_mitochondrion,_complete_genome 0.699313 0.813469 0.717006 0.693235 0.722198 0.776360 0.691979 0.748143 0.777951 0.755512 0.701509 0.705249 0.768500 0.727233 0.742015 0.719875 0.691729 0.689374 0.732587 0.703515 0.720889 0.690000 0.808317 0.712979 0.702213 0.707187 0.000000 0.749167 0.721333 0.734924 0.721246 0.717744 0.718881 0.767995 0.769449 0.700965 0.703338 0.516730 0.700762 0.689563 0.788967 0.719453 0.703263 0.723030 0.687723 0.717489 0.721865 0.783165 0.697079 0.737771 0.703605 0.701696 0.742561 0.703557 0.610486 0.800872 0.753970 0.695613 0.804362
X93334.1_Homo_sapiens_mitochondrial_DNA,_complete_genome 0.749391 0.821444 0.761515 0.766941 0.739391 0.811597 0.719840 0.814111 0.499000 0.814451 0.739902 0.750933 0.778440 0.765694 0.802933 0.783381 0.776205 0.758818 0.763608 0.741985 0.763830 0.725617 0.613864 0.749389 0.731837 0.743123 0.742502 0.000000 0.801822 0.721228 0.812264 0.777260 0.728354 0.826326 0.851180 0.753839 0.756478 0.762719 0.719695 0.730060 0.808450 0.750551 0.757055 0.738441 0.740724 0.747834 0.736293 0.798934 0.770495 0.770051 0.732060 0.465896 0.710381 0.741326 0.748500 0.796728 0.365252 0.721173 0.719618
AF061340.1_Artibeus_jamaicensis_mitochondrial_DNA,_complete_genome 0.683138 0.752548 0.665412 0.637556 0.674444 0.790667 0.665778 0.804281 0.783333 0.778869 0.662228 0.647924 0.745969 0.707339 0.723778 0.708667 0.682441 0.631393 0.665778 0.655538 0.746000 0.644000 0.858222 0.658222 0.640667 0.699867 0.721556 0.801155 0.000000 0.638613 0.715333 0.647790 0.706323 0.801453 0.753715 0.695700 0.693676 0.705333 0.692057 0.630667 0.781305 0.669828 0.676367 0.707398 0.637778 0.737556 0.725638 0.815333 0.697333 0.671111 0.669556 0.814000 0.745867 0.688186 0.721556 0.792148 0.770889 0.640667 0.768444
AF321050.1_Pteropus_scapulatus_mitochondrial_DNA,_complete_genome 0.662470 0.760327 0.649879 0.588248 0.649658 0.791915 0.629998 0.742027 0.709962 0.731718 0.639496 0.636723 0.761211 0.663132 0.754805 0.690303 0.676607 0.619048 0.674840 0.618732 0.692953 0.608792 0.760769 0.632869 0.593329 0.694721 0.704661 0.720124 0.639938 0.000000 0.685885 0.650320 0.669310 0.749505 0.737762 0.671128 0.669521 0.691407 0.672905 0.623371 0.794658 0.644023 0.672178 0.694848 0.600177 0.703998 0.686547 0.774906 0.671968 0.665783 0.624475 0.715706 0.733745 0.642951 0.704661 0.725627 0.713718 0.606141 0.760548
AJ421454.1_Manis_tetradactyla_complete_mitochondrial_genome 0.708176 0.781125 0.689991 0.657397 0.705294 0.702781 0.692102 0.781782 0.763515 0.779524 0.703285 0.708105 0.746410 0.703360 0.749499 0.735261 0.707873 0.677910 0.702781 0.713465 0.651556 0.685333 0.869913 0.687430 0.664294 0.725155 0.727030 0.749389 0.715111 0.682792 0.000000 0.708195 0.710289 0.791107 0.801136 0.705792 0.703996 0.731924 0.721001 0.670968 0.799912 0.686811 0.705688 0.739322 0.681646 0.721468 0.718535 0.780200 0.726808 0.713014 0.677197 0.812903 0.727353 0.690821 0.735484 0.790185 0.783537 0.684316 0.737931
AF321051.1_Chalinolobus_tuberculatus_mitochondrial_DNA,_complete_genome 0.700864 0.778689 0.690655 0.670442 0.697313 0.796580 0.656007 0.803626 0.797024 0.803755 0.676431 0.665715 0.759664 0.732980 0.749944 0.698423 0.705440 0.687390 0.686209 0.678974 0.740395 0.642905 0.831446 0.692205 0.660671 0.717613 0.718188 0.782145 0.656673 0.656947 0.710193 0.000000 0.722406 0.774158 0.802448 0.712813 0.709047 0.725738 0.636344 0.657340 0.786559 0.683723 0.680335 0.729414 0.664002 0.749944 0.757825 0.802354 0.737952 0.693760 0.683766 0.805241 0.744765 0.685551 0.759272 0.791930 0.799689 0.660893 0.778592
Y11832.1_Dasypus_novemcinctus_complete_mitochondrial_genome 0.693325 0.755453 0.690460 0.656753 0.695307 0.771095 0.672835 0.755570 0.737828 0.767081 0.694426 0.680870 0.729676 0.681648 0.667548 0.695087 0.687596 0.676801 0.701917 0.666006 0.715796 0.673937 0.761842 0.688257 0.663142 0.704120 0.716457 0.724829 0.702578 0.669090 0.710509 0.714695 0.000000 0.766894 0.771635 0.677490 0.675011 0.708306 0.697062 0.650143 0.783494 0.699053 0.718660 0.704095 0.675479 0.705221 0.703679 0.759418 0.661379 0.705221 0.685614 0.745759 0.751046 0.691041 0.805904 0.763359 0.737387 0.667328 0.764265
Z29573.1_Didelphis_virginiana_complete_mitochondrial_genome 0.754567 0.797491 0.859344 0.765573 0.793749 0.775479 0.798811 0.631717 0.815981 0.632613 0.768435 0.756644 0.811138 0.780101 0.782523 0.802333 0.762932 0.784724 0.791547 0.771297 0.768875 0.781642 0.846577 0.785604 0.769756 0.776579 0.769095 0.839093 0.804975 0.767775 0.795069 0.771737 0.791327 0.000000 0.550481 0.780386 0.764603 0.756328 0.870511 0.804314 0.766637 0.814000 0.778340 0.774598 0.832930 0.770636 0.844596 0.817742 0.766454 0.851420 0.802553 0.883777 0.812018 0.764822 0.770416 0.842966 0.861765 0.776579 0.807616
AF358864.1_Isoodon_macrourus_mitochondrion,_complete_genome 0.759397 0.793925 0.809878 0.793269 0.795455 0.789991 0.761364 0.569463 0.843531 0.587208 0.760052 0.759615 0.803322 0.774476 0.756556 0.760490 0.759397 0.755463 0.772509 0.759834 0.785839 0.773601 0.852273 0.856206 0.796547 0.773383 0.768138 0.875000 0.760708 0.753715 0.803540 0.785839 0.776005 0.548295 0.000000 0.755245 0.763767 0.679633 0.700109 0.794799 0.750874 0.766390 0.746722 0.790210 0.786713 0.685970 0.807911 0.743226 0.767483 0.750874 0.758086 0.822552 0.854021 0.742351 0.749781 0.824427 0.771416 0.777535 0.824082
AF217811.1_Tupaia_belangeri_mitochondrion,_complete_sequence 0.682097 0.777973 0.696139 0.650505 0.714787 0.789381 0.665643 0.753823 0.787846 0.747435 0.694384 0.693067 0.719175 0.687802 0.658403 0.692848 0.665862 0.667179 0.713032 0.679245 0.716762 0.663229 0.752304 0.685608 0.652918 0.672005 0.705792 0.791795 0.694822 0.680342 0.704695 0.711935 0.677271 0.773146 0.753934 0.000000 0.014480 0.711935 0.661371 0.650943 0.758538 0.694603 0.687363 0.719614 0.669373 0.713910 0.693506 0.783019 0.680342 0.711496 0.702062 0.785652 0.773804 0.677710 0.710619 0.746129 0.767661 0.656867 0.775779
AJ421453.1_Tupaia_belangeri_complete_mitochondrial_genome 0.711682 0.777119 0.695433 0.652174 0.710584 0.803689 0.665349 0.755789 0.786781 0.748745 0.696311 0.694774 0.717172 0.684892 0.726394 0.690821 0.661836 0.664910 0.700703 0.678744 0.717391 0.663153 0.752745 0.685990 0.655687 0.669741 0.709706 0.756478 0.696531 0.682257 0.704436 0.712121 0.676548 0.747694 0.754808 0.014919 0.000000 0.711243 0.662894 0.651296 0.761602 0.691700 0.686649 0.717391 0.667106 0.711902 0.693237 0.780632 0.678085 0.725296 0.700483 0.785903 0.774264 0.680501 0.715195 0.749836 0.768555 0.673254 0.773825
AJ428514.1_Rattus_norvegicus_complete_mitochondrial_genome,_wild-caught_animal_(Copenhagen,_Denmark) 0.688677 0.777359 0.714128 0.681402 0.710632 0.781957 0.688974 0.754915 0.783530 0.743942 0.695739 0.690094 0.737575 0.706012 0.743993 0.703555 0.701681 0.686287 0.728779 0.700862 0.780222 0.688667 0.778519 0.720562 0.679186 0.723824 0.522120 0.769607 0.704889 0.696267 0.728365 0.722185 0.710509 0.753467 0.678977 0.715007 0.713878 0.000000 0.708161 0.682872 0.771235 0.714160 0.621252 0.706297 0.685268 0.711659 0.725416 0.744781 0.700876 0.719232 0.702270 0.722892 0.767688 0.701801 0.603189 0.817666 0.768955 0.691383 0.750501
AF348080.1_Ochotona_collaris_mitochondrion,_complete_genome 0.679434 0.766703 0.677911 0.659630 0.603917 0.829815 0.669641 0.779108 0.752775 0.756910 0.678781 0.675082 0.738194 0.691621 0.640914 0.678781 0.619804 0.680958 0.689445 0.663765 0.729489 0.656801 0.736235 0.709032 0.650054 0.671382 0.690751 0.720566 0.688139 0.670947 0.719478 0.711208 0.694450 0.871164 0.736453 0.662024 0.664635 0.699674 0.000000 0.659412 0.757345 0.683569 0.620022 0.676170 0.670947 0.703591 0.689663 0.756257 0.693362 0.706855 0.592383 0.746246 0.700762 0.687051 0.695103 0.740370 0.721654 0.673123 0.766703
AJ002189.1_Sus_scrofa_complete_mitochondrial_DNA 0.659207 0.737483 0.598096 0.574933 0.622553 0.774086 0.560883 0.735037 0.729929 0.730627 0.647137 0.589501 0.727634 0.650088 0.619313 0.668599 0.661875 0.606261 0.582739 0.596065 0.706889 0.567111 0.733600 0.582516 0.569135 0.673691 0.688002 0.765163 0.629778 0.622487 0.669855 0.660671 0.580524 0.799912 0.772509 0.650066 0.650198 0.683541 0.663765 0.000000 0.757443 0.609616 0.646605 0.680757 0.491525 0.683541 0.682797 0.719670 0.648974 0.610616 0.595906 0.735950 0.707075 0.628898 0.696699 0.669575 0.758698 0.568470 0.786112
X83427.1_Ornithorhynchus_anatinus_mitochondrial_DNA,_complete_genome 0.798818 0.841068 0.788529 0.813047 0.821366 0.548161 0.770578 0.751201 0.877846 0.771447 0.777364 0.782618 0.809764 0.801883 0.820053 0.761165 0.788967 0.797942 0.798380 0.783275 0.798161 0.776926 0.834939 0.815018 0.803196 0.754597 0.788748 0.801883 0.769264 0.791156 0.804072 0.780648 0.789186 0.779991 0.747815 0.759194 0.783494 0.771891 0.756257 0.758319 0.000000 0.798599 0.779991 0.813704 0.788967 0.780648 0.823993 0.812391 0.775832 0.821147 0.777364 0.830342 0.866462 0.765105 0.817644 0.819411 0.762478 0.797067 0.857925
AJ428577.1_Ursus_maritimus_complete_mitochondrial_genome 0.677547 0.775474 0.642038 0.610719 0.578738 0.823114 0.624393 0.811490 0.779003 0.764680 0.581385 0.567977 0.736436 0.676224 0.796206 0.712616 0.730922 0.628968 0.647993 0.526687 0.727172 0.602558 0.799074 0.624393 0.611601 0.692766 0.718350 0.750993 0.670490 0.647552 0.682620 0.678209 0.693325 0.807176 0.764642 0.706450 0.705094 0.710851 0.685092 0.614248 0.801226 0.000000 0.683201 0.628358 0.612704 0.722541 0.712616 0.749449 0.694971 0.638068 0.555139 0.766873 0.723165 0.660738 0.724746 0.799128 0.759374 0.616453 0.768196
AJ001588.1_Oryctolagus_cuniculus_complete_mitochondrial_genome 0.662037 0.776455 0.687390 0.645503 0.689153 0.776896 0.659612 0.769768 0.739198 0.754857 0.697972 0.658467 0.708774 0.673280 0.751543 0.667769 0.438492 0.683642 0.686728 0.660053 0.722443 0.654982 0.789242 0.696869 0.656966 0.663580 0.704365 0.722002 0.678351 0.675485 0.700397 0.679894 0.713814 0.776579 0.742133 0.690654 0.685990 0.616843 0.614581 0.647707 0.779991 0.681658 0.000000 0.680317 0.658510 0.713183 0.692681 0.746473 0.674162 0.689374 0.680776 0.709877 0.687238 0.676768 0.718474 0.757470 0.740520 0.647487 0.764109
AJ421451.1_Lemur_catta_mitochondrion_complete_mitochondrial_genome 0.680317 0.838397 0.738001 0.681638 0.692426 0.796565 0.665566 0.808432 0.756935 0.778869 0.691325 0.665715 0.701673 0.687362 0.741524 0.619111 0.666887 0.679436 0.750991 0.679436 0.738221 0.688023 0.741083 0.687362 0.681638 0.655438 0.725672 0.738441 0.708939 0.693307 0.739982 0.739102 0.704976 0.769536 0.796984 0.683853 0.680720 0.709379 0.671164 0.683620 0.810639 0.689124 0.678336 0.000000 0.713122 0.715103 0.661823 0.731616 0.698371 0.695288 0.681858 0.726772 0.709159 0.696750 0.731176 0.793457 0.741303 0.672391 0.733598
AF010406.1_Ovis_aries_complete_mitochondrial_genome 0.660758 0.724634 0.593667 0.585491 0.625890 0.761161 0.436830 0.771298 0.731533 0.733464 0.602530 0.607072 0.715043 0.662909 0.625893 0.683482 0.670057 0.618607 0.590625 0.596949 0.713778 0.580444 0.795864 0.577609 0.586384 0.674135 0.690848 0.781826 0.640444 0.630881 0.678754 0.659338 0.674378 0.769095 0.782124 0.666520 0.659420 0.681920 0.669641 0.489518 0.792688 0.615351 0.660714 0.708058 0.000000 0.697098 0.688790 0.744420 0.662723 0.610714 0.615710 0.730924 0.721402 0.639218 0.715179 0.768157 0.747098 0.581385 0.750946
AJ421452.1_Macroscelides_proboscideus_complete_mitochondrial_genome 0.675604 0.749225 0.714128 0.689216 0.711077 0.810611 0.696861 0.781564 0.764561 0.774722 0.706170 0.701955 0.789044 0.677277 0.758072 0.699754 0.711853 0.686949 0.724076 0.694451 0.730444 0.692444 0.766289 0.702052 0.704449 0.704082 0.719283 0.744501 0.722222 0.700464 0.718131 0.746835 0.705221 0.767995 0.687937 0.715007 0.712780 0.710538 0.699891 0.684211 0.782618 0.720776 0.710758 0.715544 0.695089 0.000000 0.724972 0.662556 0.685650 0.733304 0.716288 0.797635 0.754022 0.690382 0.712108 0.784515 0.766719 0.696949 0.809036
AJ309867.1_Nycticebus_coucang_mitochondrial_genome 0.710392 0.795304 0.717892 0.681021 0.696115 0.782020 0.683241 0.824814 0.731188 0.799170 0.691522 0.695146 0.729622 0.692971 0.679467 0.705216 0.674480 0.706790 0.711432 0.698209 0.732075 0.670366 0.788679 0.706770 0.689456 0.681677 0.721199 0.734961 0.723196 0.719461 0.725194 0.753607 0.706323 0.810037 0.813811 0.695042 0.693017 0.729412 0.689445 0.691454 0.817863 0.713057 0.677249 0.662043 0.689012 0.723862 0.000000 0.773363 0.718979 0.712320 0.697891 0.754939 0.709940 0.704216 0.725194 0.788441 0.741398 0.682575 0.798890
AJ400734.2_Echinops_telfairi_complete_mitochondrial_genome 0.646133 0.824324 0.769929 0.757982 0.789591 0.809044 0.750617 0.813456 0.815889 0.829295 0.754993 0.753349 0.770709 0.727454 0.789226 0.753409 0.752322 0.759039 0.768869 0.759452 0.806000 0.769556 0.813876 0.742417 0.751397 0.750444 0.776207 0.799600 0.812000 0.844489 0.780868 0.794581 0.751487 0.806075 0.718531 0.771610 0.769873 0.739394 0.752992 0.715879 0.809764 0.754963 0.743166 0.729194 0.730804 0.665695 0.780022 0.000000 0.792368 0.770605 0.807744 0.796519 0.776945 0.735397 0.778676 0.841439 0.831581 0.785348 0.812820
AJ421450.1_Tamandua_tetradactyla_complete_mitochondrial_genome 0.686461 0.780461 0.676484 0.649252 0.682829 0.772107 0.663896 0.764744 0.786878 0.783672 0.668886 0.669229 0.782417 0.690097 0.729438 0.691259 0.695268 0.660273 0.687794 0.671236 0.726444 0.658667 0.753169 0.660794 0.652359 0.699645 0.697079 0.737836 0.694889 0.673735 0.731924 0.714413 0.658074 0.760731 0.761801 0.683633 0.678744 0.701774 0.686616 0.648974 0.777802 0.692104 0.683862 0.698811 0.666741 0.682287 0.718979 0.777778 0.000000 0.695332 0.668669 0.758813 0.699361 0.687747 0.716404 0.764013 0.749049 0.661991 0.778099
AJ277029.2_Physeter_macrocephalus_mitochondrial_genome 0.693552 0.770492 0.629539 0.630721 0.661032 0.787358 0.610677 0.793578 0.769917 0.767300 0.672437 0.645728 0.752375 0.687445 0.697342 0.716328 0.699469 0.676587 0.481126 0.651117 0.758222 0.624222 0.788970 0.589206 0.624302 0.701863 0.728390 0.777827 0.677111 0.661365 0.735039 0.696647 0.703900 0.855602 0.733829 0.723782 0.714317 0.722805 0.704461 0.609723 0.817426 0.655492 0.687831 0.695288 0.611607 0.736207 0.707436 0.763011 0.690194 0.000000 0.648198 0.756582 0.732202 0.694115 0.736654 0.777317 0.750726 0.617680 0.809704
AJ428578.2_Eumetopias_jubatus_complete_mitochondrial_genome 0.670951 0.760301 0.634190 0.598576 0.412144 0.794393 0.612150 0.756444 0.751669 0.810740 0.580115 0.586427 0.738458 0.662909 0.656208 0.693591 0.679124 0.638889 0.653538 0.475569 0.735333 0.598667 0.770291 0.619715 0.606142 0.700754 0.706498 0.746945 0.669333 0.625359 0.677197 0.682212 0.684732 0.769536 0.764860 0.699868 0.697628 0.698487 0.672470 0.602804 0.772548 0.555139 0.673280 0.678556 0.610592 0.714063 0.702775 0.808856 0.668224 0.654651 0.000000 0.722964 0.725369 0.658103 0.716066 0.736096 0.719404 0.593903 0.766578
X97707.1_Pongo_abelii_mitochondrial_genome 0.749834 0.816349 0.746678 0.727577 0.767126 0.857207 0.756582 0.901922 0.517180 0.873172 0.783400 0.749396 0.807378 0.742485 0.816823 0.756805 0.768244 0.778660 0.745203 0.768295 0.797556 0.741333 0.626418 0.749108 0.706827 0.737578 0.749219 0.466563 0.815556 0.750607 0.818910 0.810349 0.752809 0.872551 0.819493 0.784993 0.787879 0.770638 0.743417 0.721454 0.839098 0.777239 0.718915 0.738661 0.743641 0.772423 0.756937 0.807006 0.765060 0.746319 0.732755 0.000000 0.738373 0.751647 0.767068 0.799346 0.477912 0.739256 0.752726
AJ428849.1_Cynocephalus_variegatus_complete_mitochondrial_genome 0.773198 0.834252 0.709059 0.693410 0.734186 0.832488 0.754463 0.847313 0.727132 0.786073 0.707957 0.727432 0.751598 0.722724 0.794358 0.679304 0.715010 0.708838 0.724488 0.765484 0.751157 0.669826 0.768570 0.708618 0.696716 0.712145 0.764161 0.710602 0.745647 0.744986 0.728455 0.739255 0.810531 0.792648 0.832386 0.713910 0.747914 0.769231 0.695539 0.706194 0.868870 0.722945 0.683932 0.711361 0.720300 0.755565 0.711263 0.783337 0.695834 0.730439 0.725590 0.734847 0.000000 0.726834 0.783998 0.730643 0.722283 0.679524 0.801190
AF348081.1_Soriculus_fumidus_mitochondrion,_complete_genome 0.705094 0.749671 0.671278 0.634387 0.678085 0.785463 0.643171 0.792267 0.762626 0.752019 0.641414 0.649319 0.713219 0.685771 0.708388 0.692578 0.682038 0.612209 0.675670 0.656346 0.721344 0.645367 0.761089 0.691480 0.635485 0.695872 0.706192 0.746377 0.689943 0.647343 0.693895 0.708388 0.690382 0.764822 0.734703 0.677710 0.681159 0.704875 0.644396 0.636364 0.760070 0.667325 0.681379 0.697848 0.641414 0.692358 0.709486 0.732104 0.678305 0.683794 0.654150 0.749012 0.725077 0.000000 0.711243 0.746783 0.694774 0.666447 0.805446
AF348082.1_Microtus_kikuchii_mitochondrion,_complete_genome 0.718148 0.789322 0.740921 0.697031 0.723310 0.790911 0.698495 0.752949 0.748494 0.756385 0.713937 0.714254 0.740446 0.723696 0.742015 0.712721 0.705440 0.708113 0.732587 0.707495 0.744667 0.698667 0.796309 0.721900 0.696848 0.716504 0.612286 0.784270 0.722222 0.707753 0.738154 0.756607 0.805243 0.750385 0.747815 0.710619 0.716733 0.598922 0.678781 0.694915 0.813923 0.723644 0.755952 0.729414 0.714955 0.711211 0.730078 0.766554 0.724944 0.736877 0.716956 0.764837 0.784439 0.710145 0.000000 0.781461 0.733393 0.711646 0.799688
X88898.2_Erinaceus_europaeus_complete_mitochondrial_DNA_sequence 0.780371 0.849509 0.771210 0.781461 0.800872 0.832061 0.777754 0.909487 0.871538 0.789749 0.771210 0.770120 0.816576 0.794766 0.740458 0.786260 0.768811 0.782770 0.781897 0.727590 0.797165 0.764885 0.846674 0.784733 0.776663 0.772083 0.787350 0.759651 0.784297 0.763141 0.790185 0.785169 0.792803 0.826390 0.823773 0.798909 0.802181 0.817884 0.763003 0.749182 0.819629 0.807852 0.782988 0.789095 0.768593 0.790185 0.827263 0.835769 0.784515 0.804362 0.763577 0.807197 0.759869 0.741985 0.804362 0.000000 0.734569 0.720174 0.820938
X93347.1_Gorilla_gorilla_gorilla_mitochondrial_DNA._complete_genome 0.751828 0.912716 0.767936 0.717571 0.800267 0.798032 0.718184 0.823722 0.492301 0.779961 0.745007 0.748737 0.781533 0.763484 0.872288 0.736195 0.742371 0.757716 0.787967 0.747513 0.761333 0.701556 0.616856 0.718332 0.731724 0.718279 0.743905 0.365474 0.770667 0.716810 0.776196 0.793693 0.739150 0.873432 0.819274 0.772488 0.772947 0.762693 0.722960 0.727029 0.806480 0.737980 0.742945 0.738661 0.743304 0.770297 0.737625 0.831134 0.744800 0.749609 0.718736 0.475457 0.757549 0.751208 0.735406 0.725845 0.000000 0.690715 0.760961
Y07726.1_Ceratotherium_simum_complete_mitochondrial_DNA_sequence 0.646133 0.741028 0.603632 0.484747 0.608763 0.787575 0.587620 0.765400 0.735471 0.738703 0.614292 0.581595 0.714380 0.645447 0.732799 0.679136 0.654578 0.607804 0.610332 0.579704 0.716667 0.376667 0.761619 0.576486 0.489423 0.674357 0.697617 0.717618 0.636000 0.607466 0.684538 0.658228 0.662701 0.774158 0.774257 0.656867 0.673913 0.688043 0.673341 0.567802 0.808450 0.615130 0.650353 0.671510 0.578268 0.692496 0.678357 0.751726 0.661323 0.614562 0.599688 0.727010 0.678863 0.663153 0.707415 0.699019 0.695168 0.000000 0.741375
AJ309866.1_Cebus_albifrons_mitochondrial_genome 0.760913 0.803057 0.794287 0.743824 0.796486 0.841086 0.745827 0.804063 0.729579 0.831260 0.773857 0.748078 0.815772 0.757515 0.827732 0.797908 0.773773 0.809744 0.801692 0.754367 0.808000 0.748000 0.768512 0.770309 0.748275 0.714508 0.807478 0.712508 0.769333 0.756793 0.719911 0.773706 0.778145 0.808276 0.818182 0.776876 0.773825 0.752281 0.762133 0.791231 0.852452 0.771504 0.764330 0.738001 0.751391 0.812820 0.762930 0.831516 0.770309 0.788560 0.763907 0.732028 0.795900 0.804787 0.784776 0.821374 0.759181 0.741598 0.000000
