59
Y18475.1_Orycteropus_afer_complete_mitochondrial_genome 0.000000  1.021588  1.011965  1.003674  1.016090  1.035123  1.003186  1.029350  1.030510  1.027823  1.009313  1.010006  1.022220  1.003426  1.021444  1.017017  1.012932  1.010816  1.012472  1.007137  1.022232  1.004607  1.034864  1.007866  1.005895  1.011986  1.017864  1.028963  1.011426  1.008761  1.022970  1.013506  1.013809  1.021053  1.028642  1.012998  1.013991  1.012918  1.013697  1.002726  1.032139  1.017186  1.009319  1.009714  1.004513  1.007642  1.020588  1.014102  1.011056  1.017587  1.007586  1.031012  1.023576  1.014025  1.021231  1.032990  1.027600  1.004721  1.028419
AJ224821.1_Loxodonta_africana_complete_mitochondrial_genomic_sequence 1.022709  0.000000  1.026849  1.026147  1.027911  1.050691  1.023399  1.038815  1.042151  1.036683  1.028859  1.028342  1.035215  1.014785  1.033455  1.031541  1.028227  1.030141  1.036001  1.030565  1.034127  1.024972  1.043402  1.025097  1.023953  1.030614  1.039301  1.042862  1.027531  1.027237  1.033023  1.033016  1.026341  1.040579  1.038671  1.032892  1.034911  1.032450  1.033546  1.023050  1.049469  1.030945  1.031525  1.033213  1.025064  1.027849  1.036658  1.039832  1.031006  1.035594  1.025968  1.045369  1.038314  1.030712  1.039200  1.046063  1.048817  1.020744  1.040002
Y19184.1_Lama_pacos_complete_mitochondrial_genome 1.010960  1.026751  0.000000  0.995168  1.009358  1.042434  0.993594  1.036603  1.031057  1.034607  1.002967  0.998832  1.026943  1.014700  1.032835  1.021484  1.011674  0.999103  0.998870  0.999364  1.023180  0.993891  1.031555  0.983479  0.994655  1.014717  1.022987  1.028920  1.009074  1.004708  1.016003  1.015340  1.016342  1.043034  1.037761  1.018289  1.016170  1.020715  1.015149  0.991477  1.039669  1.007594  1.014019  1.018501  0.992078  1.020097  1.021886  1.031438  1.015611  1.000352  1.001000  1.032484  1.020702  1.011209  1.026271  1.037251  1.027699  0.996626  1.035080
X97337.1_Equus_asinus_complete_mitochondrial_genome 1.003748  1.024970  0.995122  0.000000  0.996183  1.036931  0.987111  1.030254  1.021399  1.025245  0.992949  0.992299  1.021754  1.003361  1.023305  1.012035  1.009257  0.993829  0.991019  0.985527  1.017150  0.961194  1.031322  0.989621  0.873388  1.004500  1.015610  1.021748  1.002769  0.986230  1.009580  1.007223  1.008352  1.028874  1.034158  1.006186  1.005365  1.008249  1.007196  0.983101  1.036748  0.996229  1.007122  1.009307  0.985568  1.013988  1.013144  1.025282  1.005901  0.999602  0.990891  1.023644  1.011657  1.001805  1.016063  1.040103  1.019210  0.958980  1.026482
AJ428576.2_Odobenus_rosmarus_rosmarus_complete_mitochondrial_genome 1.016233  1.027594  1.007024  0.996349  0.000000  1.038573  1.001177  1.033422  1.033663  1.032518  0.988924  0.988907  1.032934  1.011804  1.031557  1.022031  1.017877  1.005055  1.006831  0.961199  1.032746  0.996795  1.040529  1.004323  0.995230  1.018769  1.026580  1.027800  1.011550  1.003590  1.018152  1.016838  1.016784  1.039259  1.039565  1.018978  1.019324  1.021157  1.011798  0.996898  1.040760  0.987314  1.018488  1.015958  1.002047  1.019024  1.021227  1.033931  1.018830  1.007491  0.951612  1.035153  1.023116  1.010983  1.025153  1.040334  1.035130  0.993538  1.039248
AJ303116.1_Tachyglossus_aculeatus_complete_mitochondrial_genome 1.037665  1.051322  1.041157  1.037581  1.041453  0.000000  1.034670  1.031378  1.046260  1.026055  1.042699  1.035902  1.040048  1.034130  1.049158  1.034902  1.039954  1.040504  1.039985  1.036723  1.042911  1.032701  1.053561  1.038255  1.041333  1.037102  1.033837  1.043571  1.037979  1.037152  1.039312  1.040282  1.036824  1.037224  1.036075  1.036422  1.036951  1.034558  1.040393  1.034416  0.975354  1.042213  1.036263  1.038609  1.034672  1.037066  1.041624  1.043613  1.034686  1.036490  1.038119  1.053591  1.044996  1.037522  1.036983  1.049333  1.043714  1.037584  1.045899
V00654.1_Bos_taurus_complete_mitochondrial_genome 1.006954  1.025213  0.995167  0.988177  1.002026  1.032457  0.000000  1.025203  1.028739  1.028639  0.999242  0.995128  1.021677  1.014304  1.018162  1.013326  1.011004  0.996138  0.980457  0.985998  1.024492  0.988093  1.029749  0.987921  0.989267  1.008111  1.017472  1.022440  1.005145  0.995639  1.013471  1.009227  1.009963  1.033588  1.030099  1.013132  1.010594  1.013908  1.011640  0.982363  1.032369  1.002539  1.008788  1.008201  0.939841  1.013915  1.015653  1.024348  1.009386  0.993559  0.996910  1.024797  1.021677  1.002750  1.017211  1.025276  1.020912  0.988584  1.025317
AF357238.1_Trichosurus_vulpecula_mitochondrion,_complete_genome 1.029309  1.038833  1.037798  1.030144  1.032943  1.030744  1.025392  0.000000  1.035837  0.972192  1.028606  1.023605  1.037061  1.035012  1.036241  1.028581  1.029114  1.026732  1.032835  1.028817  1.037268  1.025488  1.040679  1.031194  1.034700  1.032887  1.025019  1.040783  1.031376  1.026002  1.034104  1.036621  1.026992  0.996968  0.982190  1.029948  1.031353  1.024067  1.029432  1.022671  1.031068  1.039320  1.030378  1.031123  1.029952  1.032444  1.037140  1.039674  1.028294  1.035148  1.029114  1.047735  1.040761  1.030792  1.026100  1.052478  1.039485  1.028489  1.039720
X99256.1_Hylobates_lar_complete_mitochondrial_DNA_sequence 1.029470  1.044001  1.031371  1.020961  1.030176  1.048186  1.028802  1.036482  0.000000  1.038671  1.028620  1.031505  1.035687  1.030632  1.045807  1.027047  1.033620  1.030266  1.027126  1.024041  1.034167  1.022984  0.992281  1.022471  1.018472  1.028221  1.037744  0.957668  1.034251  1.020672  1.038061  1.035729  1.027665  1.046802  1.044261  1.031296  1.029992  1.032437  1.025717  1.024169  1.053394  1.035139  1.030218  1.025383  1.025866  1.037926  1.027908  1.045571  1.033194  1.029888  1.027871  0.965970  1.022912  1.032238  1.029922  1.048087  0.957862  1.019938  1.020507
Y10524.1_Macropus_robustus_complete_mitochondrial_genome 1.027091  1.036814  1.034011  1.024159  1.033039  1.030020  1.028318  0.971957  1.038454  0.000000  1.027109  1.025879  1.032364  1.029850  1.038479  1.030422  1.032992  1.028371  1.033448  1.023389  1.031847  1.025766  1.043446  1.025989  1.029875  1.030019  1.024854  1.040546  1.031398  1.023448  1.032056  1.034874  1.031336  0.996310  0.986959  1.027981  1.028368  1.024419  1.032652  1.022228  1.029841  1.033108  1.028295  1.031831  1.022397  1.026833  1.038290  1.040866  1.030720  1.034041  1.027114  1.044073  1.036856  1.027659  1.028345  1.044356  1.037127  1.024579  1.040548
U96639.2_Canis_familiaris_mitochondrion,_complete_genome 1.009643  1.029088  1.002199  0.991837  0.988552  1.042057  0.997569  1.031385  1.029032  1.029051  0.000000  0.981122  1.020273  1.015104  1.025280  1.013871  1.009822  0.999060  1.002537  0.977340  1.022494  0.992771  1.034623  0.999386  0.990078  1.007561  1.019116  1.027974  1.007298  1.002445  1.013148  1.009850  1.019107  1.031081  1.029862  1.012151  1.011945  1.016889  1.014094  0.995672  1.035090  0.988437  1.012066  1.014363  0.994583  1.019197  1.017607  1.027775  1.011500  1.012286  0.984970  1.033301  1.020701  1.002759  1.021257  1.041877  1.030142  0.992031  1.033447
U20753.1_Felis_catus_mitochondrion,_complete_genome 1.008639  1.027053  0.999733  0.989293  0.991315  1.039125  0.993040  1.024148  1.031129  1.023822  0.984297  0.000000  1.019436  1.012501  1.020650  1.011751  1.008025  0.995306  1.002655  0.981543  1.021823  0.987073  1.032777  1.000064  0.988120  1.005325  1.018472  1.025473  1.002519  1.000468  1.012686  1.004171  1.013857  1.026197  1.029338  1.012513  1.012710  1.016420  1.009072  0.988072  1.036747  0.986257  1.008383  1.008827  0.995639  1.019016  1.018879  1.027340  1.011744  1.004783  0.989954  1.032202  1.018154  1.000933  1.019908  1.036670  1.026610  0.985335  1.027998
AJ222767.1_Cavia_porcellus_complete_mitochondrial_genome 1.020109  1.035059  1.028232  1.020798  1.031783  1.041434  1.022444  1.035330  1.038189  1.031528  1.021998  1.020782  0.000000  1.023068  1.030207  1.020088  1.020755  1.018885  1.021592  1.022020  1.017588  1.023815  1.040363  1.023593  1.022936  1.019948  1.030069  1.036666  1.025853  1.024511  1.027843  1.027337  1.026457  1.036576  1.035166  1.021298  1.018842  1.022094  1.023286  1.022437  1.040185  1.026079  1.020801  1.016788  1.019301  1.027330  1.027080  1.032131  1.025757  1.025734  1.026946  1.041334  1.031531  1.022474  1.024295  1.040070  1.031581  1.021488  1.038469
AJ421723.1_Dugong_dugon_complete_mitochondrial_genome 1.005125  1.019134  1.013903  1.003521  1.012920  1.035958  1.011949  1.037231  1.028967  1.030846  1.012753  1.012499  1.023798  0.000000  1.033181  1.018937  1.008946  1.014663  1.018966  1.006985  1.028554  1.007205  1.036280  1.010615  1.006841  1.014690  1.023039  1.032407  1.020534  1.010790  1.016497  1.021826  1.017028  1.036653  1.035075  1.013795  1.013892  1.018944  1.016736  1.005775  1.040284  1.012667  1.010598  1.006815  1.008179  1.012547  1.018482  1.026863  1.018711  1.015811  1.011317  1.030260  1.017837  1.018645  1.022576  1.039675  1.032218  1.006476  1.034474
AF348079.1_Echinosorex_gymnura_mitochondrion,_complete_genome 1.020532  1.033475  1.031838  1.022989  1.029779  1.047675  1.017228  1.033609  1.046724  1.036862  1.024683  1.018969  1.031166  1.032612  0.000000  1.025944  1.023237  1.016209  1.026506  1.024817  1.029189  1.019688  1.046412  1.030099  1.026986  1.022467  1.025078  1.042553  1.019545  1.025704  1.026130  1.023966  1.028565  1.030072  1.031116  1.027361  1.028062  1.023115  1.026722  1.015433  1.037329  1.035183  1.028246  1.023770  1.017113  1.025946  1.031417  1.030493  1.026954  1.032659  1.024317  1.050681  1.037418  1.015866  1.029967  1.027886  1.046484  1.022723  1.041598
AJ238588.1_Sciurus_vulgaris_complete_mitochondrial_genome 1.016934  1.032273  1.019435  1.011394  1.019844  1.037508  1.011371  1.029414  1.029497  1.028440  1.010789  1.012092  1.020370  1.019400  1.030068  0.000000  1.006755  1.019128  1.016559  1.013312  1.021673  1.008905  1.033489  1.014654  1.008670  1.010274  1.017726  1.028380  1.016768  1.016152  1.021581  1.016183  1.014480  1.030238  1.025740  1.015826  1.014946  1.015381  1.012268  1.008453  1.031246  1.022284  1.006566  1.007712  1.010537  1.015678  1.018586  1.026919  1.015966  1.022429  1.014738  1.034338  1.024626  1.012142  1.018144  1.035799  1.023555  1.010929  1.031310
AJ421471.1_Lepus_europaeus_complete_mitochondrial_genome 1.010870  1.028902  1.012107  1.009129  1.019628  1.041424  1.009444  1.032211  1.031904  1.030579  1.011152  1.008980  1.018884  1.011235  1.023186  1.006598  0.000000  1.009937  1.015473  1.009505  1.018499  1.005569  1.031701  1.012012  1.008609  1.010406  1.014431  1.028636  1.012684  1.011239  1.019395  1.017975  1.018755  1.032182  1.032852  1.006816  1.007151  1.013737  0.996504  1.005131  1.033079  1.018573  0.948869  1.005280  1.005788  1.017965  1.013843  1.025175  1.014380  1.019025  1.011929  1.028511  1.019438  1.011809  1.022016  1.031091  1.025436  1.007548  1.031737
Y19192.1_Talpa_europaea_complete_mitochondrial_genome 1.010390  1.029594  1.003532  0.994183  1.004791  1.038414  0.996618  1.028234  1.030447  1.031162  0.998239  0.995274  1.018453  1.011881  1.014527  1.015505  1.009727  0.000000  1.005922  0.996141  1.021709  0.991538  1.032076  1.005106  0.993816  1.009912  1.014130  1.031027  0.999105  0.995688  1.016877  1.009411  1.012607  1.035660  1.028992  1.009732  1.007201  1.012630  1.013889  0.993671  1.036205  1.002641  1.011688  1.011070  0.993862  1.015833  1.018464  1.027080  1.007200  1.015510  1.004799  1.034629  1.018724  0.994036  1.017281  1.035779  1.026148  0.995031  1.034064
X61145.1_Balaenoptera_physalus_mitochondrial_complete_genome 1.010516  1.035974  0.997210  0.991792  1.007792  1.041728  0.981900  1.030835  1.026750  1.032397  1.005035  1.003779  1.022150  1.017446  1.027587  1.015735  1.015462  1.005995  0.000000  1.002464  1.022866  0.992709  1.026523  0.985598  0.991635  1.011468  1.024930  1.023158  1.004578  1.005976  1.018374  1.012019  1.016518  1.037172  1.033626  1.015463  1.014106  1.021362  1.014931  0.985330  1.036611  1.004759  1.014372  1.015853  0.984509  1.019574  1.018653  1.027697  1.014146  0.956862  1.005460  1.027136  1.020058  1.009619  1.022661  1.032080  1.029373  0.991354  1.033461
X72004.1_Halichoerus_grypus_complete_mitochondrial_genome 1.005029  1.029461  0.998464  0.986187  0.965145  1.036962  0.992415  1.026110  1.024482  1.023179  0.977889  0.979214  1.022678  1.006484  1.024052  1.012710  1.008759  0.999185  1.001913  0.000000  1.020274  0.985316  1.028634  0.998557  0.988987  1.007706  1.017446  1.025090  1.007014  0.995988  1.015078  1.007863  1.010298  1.031610  1.031423  1.011287  1.011205  1.014714  1.009501  0.989487  1.034803  0.975357  1.008861  1.010661  0.992091  1.013150  1.015184  1.028527  1.009875  1.003954  0.960910  1.027035  1.020761  1.005097  1.017144  1.034542  1.021058  0.987337  1.028066
AJ301644.1_Thryonomys_swinderianus_complete_mitochondrial_genome 1.022611  1.035699  1.023964  1.019269  1.028055  1.042181  1.021574  1.038566  1.035127  1.031936  1.023015  1.022330  1.019700  1.024368  1.029466  1.021009  1.018094  1.021579  1.023742  1.021644  0.000000  1.021023  1.038227  1.026392  1.019681  1.021675  1.018352  1.037434  1.023082  1.020807  1.018755  1.023885  1.023033  1.030239  1.033270  1.022304  1.020891  1.020686  1.027734  1.016979  1.036612  1.027245  1.020157  1.022169  1.016785  1.021979  1.025169  1.032880  1.024847  1.027523  1.023756  1.037725  1.026725  1.021833  1.026043  1.039140  1.035603  1.019945  1.039713
X97336.1_Rhinoceros_unicornis_complete_mitochondrial_genome 1.004404  1.025749  0.994008  0.960636  0.997038  1.035311  0.986457  1.027309  1.023643  1.025252  0.995994  0.987671  1.024076  1.007735  1.018914  1.009933  1.004442  0.992258  0.991697  0.984543  1.021340  0.000000  1.027125  0.990122  0.960346  1.006427  1.016988  1.020749  1.001198  0.989765  1.008483  1.000176  1.010546  1.030320  1.031537  1.004894  1.004440  1.016109  1.007510  0.983714  1.033622  0.995942  1.005443  1.005447  0.985530  1.012075  1.012466  1.028916  1.008553  0.996909  0.990836  1.020896  1.007262  1.000502  1.016599  1.034784  1.016260  0.920506  1.024690
Y18001.1_Papio_hamadryas_mitochondrial_DNA,_complete_genome 1.035676  1.044852  1.033593  1.027663  1.041100  1.049651  1.031393  1.041712  0.993012  1.044618  1.036300  1.032722  1.040367  1.035295  1.046547  1.035599  1.033140  1.032071  1.026870  1.029550  1.037740  1.026495  0.000000  1.030586  1.023852  1.031414  1.036976  0.991340  1.037897  1.029360  1.044091  1.043222  1.032237  1.047809  1.047296  1.032188  1.030256  1.033688  1.026974  1.026360  1.049130  1.037198  1.033639  1.031325  1.033220  1.035172  1.034167  1.045663  1.032685  1.029800  1.030505  0.993750  1.027169  1.034656  1.035997  1.051176  0.993396  1.026689  1.024850
AJ010957.1_Hippopotamus_amphibius_complete_mitochondrial_DNA_sequence 1.009732  1.024980  0.982763  0.990050  1.006737  1.037631  0.986987  1.030998  1.022412  1.029898  0.999425  0.999610  1.024672  1.013406  1.031389  1.014895  1.015336  1.003907  0.984300  0.996044  1.027569  0.988507  1.031336  0.000000  0.987426  1.013427  1.023674  1.026935  1.006819  1.002217  1.017058  1.014284  1.014208  1.037217  1.042829  1.011218  1.011690  1.017847  1.011606  0.985834  1.036372  1.001610  1.014698  1.014064  0.985067  1.019957  1.020617  1.029891  1.008952  0.987715  0.997660  1.028579  1.018665  1.011691  1.020708  1.037778  1.020559  0.985156  1.031613
X79547.1_Equus_caballus_mitochondrial_DNA_complete_sequence 1.006170  1.023438  0.995046  0.876052  0.997417  1.040814  0.986511  1.035416  1.019282  1.030155  0.991204  0.988890  1.022484  1.006871  1.025707  1.010627  1.006952  0.994919  0.990659  0.986798  1.020716  0.962506  1.029862  0.988161  0.000000  1.005284  1.019836  1.020984  1.001940  0.986882  1.008391  1.007930  1.011223  1.034560  1.033524  1.005417  1.005699  1.012339  1.007029  0.981258  1.038000  0.998548  1.008534  1.010322  0.988154  1.016740  1.014530  1.029922  1.006485  0.998375  0.993269  1.021017  1.013743  1.001123  1.017501  1.033611  1.019006  0.960662  1.027576
AF348159.1_Cephalopachus_bancanus_mitochondrion,_complete_genome 1.010289  1.028566  1.012972  1.003260  1.020057  1.035851  1.007524  1.030738  1.030300  1.031614  1.007599  1.005368  1.019355  1.014866  1.025822  1.011804  1.010808  1.010818  1.010182  1.007448  1.022799  1.005075  1.029434  1.012913  1.004455  0.000000  1.016734  1.023414  1.013758  1.014889  1.019908  1.018488  1.016717  1.030816  1.028767  1.008533  1.008681  1.016866  1.007975  1.005622  1.031090  1.018222  1.005185  1.002723  1.008681  1.018122  1.008671  1.026980  1.013559  1.016276  1.011247  1.025767  1.016453  1.009474  1.020862  1.035583  1.021331  1.010105  1.022947
J01420.1_Mouse_mitochondrion,_complete_genome 1.017322  1.038044  1.021303  1.015582  1.025891  1.036008  1.016328  1.026042  1.033353  1.027133  1.018144  1.019650  1.027632  1.025791  1.026536  1.017460  1.016071  1.012033  1.024495  1.018934  1.020391  1.016705  1.039797  1.022848  1.019245  1.015811  0.000000  1.031174  1.018779  1.021504  1.021802  1.022186  1.022370  1.028970  1.032376  1.013711  1.013703  0.966452  1.020176  1.013122  1.036133  1.021627  1.018335  1.020801  1.013944  1.018220  1.023669  1.031246  1.014557  1.027932  1.020271  1.031781  1.027341  1.014600  0.991797  1.040518  1.033484  1.016071  1.034742
X93334.1_Homo_sapiens_mitochondrial_DNA,_complete_genome 1.033274  1.042196  1.028461  1.024972  1.028791  1.044854  1.022343  1.036429  0.957467  1.037940  1.027312  1.026984  1.035988  1.035108  1.044788  1.028066  1.031405  1.028598  1.025565  1.023654  1.034142  1.018303  0.992563  1.027816  1.019844  1.023222  1.031012  0.000000  1.031382  1.023138  1.039114  1.032251  1.024979  1.046020  1.045497  1.028592  1.028096  1.026243  1.021096  1.021725  1.046073  1.031726  1.027565  1.024518  1.027005  1.033075  1.026899  1.042893  1.031063  1.030105  1.026378  0.949077  1.021130  1.030897  1.029760  1.045996  0.911508  1.018824  1.016721
AF061340.1_Artibeus_jamaicensis_mitochondrial_DNA,_complete_genome 1.013023  1.028124  1.009328  1.000906  1.011180  1.036891  1.005185  1.030719  1.033175  1.031181  1.009011  1.003370  1.023978  1.020819  1.020077  1.015818  1.012012  1.000567  1.005150  1.005859  1.022460  1.000899  1.042876  1.009166  1.002751  1.013088  1.020630  1.031583  0.000000  0.996793  1.019391  1.002839  1.020098  1.033805  1.027046  1.015823  1.014715  1.018162  1.016882  0.998080  1.033349  1.010097  1.013132  1.015715  1.000218  1.023248  1.023426  1.034526  1.015130  1.010565  1.010753  1.036863  1.025121  1.007102  1.022126  1.035119  1.028242  0.999063  1.031303
AF321050.1_Pteropus_scapulatus_mitochondrial_DNA,_complete_genome 1.009757  1.029541  1.004921  0.986151  1.003434  1.037481  0.995779  1.027081  1.020545  1.024534  1.001176  0.999105  1.024709  1.012948  1.025806  1.015463  1.011674  0.996700  1.006044  0.996111  1.021361  0.989755  1.029567  1.003406  0.986197  1.014342  1.019558  1.023601  0.999615  0.000000  1.016472  1.003205  1.012728  1.033067  1.027649  1.009022  1.007905  1.014344  1.010468  0.992354  1.036331  1.007377  1.009247  1.013090  0.990879  1.016534  1.017056  1.029776  1.011147  1.005784  0.999449  1.024226  1.020099  1.005359  1.017467  1.031466  1.021685  0.989663  1.030236
AJ421454.1_Manis_tetradactyla_complete_mitochondrial_genome 1.021907  1.034254  1.015704  1.008991  1.018029  1.033471  1.014255  1.035327  1.037108  1.032520  1.012938  1.012932  1.028778  1.021887  1.025978  1.021854  1.020155  1.015353  1.017851  1.015023  1.017708  1.010123  1.045000  1.014809  1.008549  1.020001  1.022820  1.034199  1.019722  1.014601  0.000000  1.017758  1.021072  1.034490  1.037621  1.022566  1.019209  1.024776  1.024282  1.011478  1.039667  1.016657  1.017295  1.022252  1.008072  1.022451  1.025095  1.031100  1.022118  1.021583  1.013097  1.041499  1.028227  1.015161  1.028448  1.037635  1.033985  1.010849  1.033475
AF321051.1_Chalinolobus_tuberculatus_mitochondrial_DNA,_complete_genome 1.014228  1.032309  1.015203  1.007322  1.015366  1.040686  1.008029  1.035495  1.036084  1.034228  1.010851  1.006100  1.029081  1.021735  1.026357  1.016674  1.017557  1.011338  1.011627  1.011125  1.022549  0.999027  1.042147  1.013116  1.008913  1.018072  1.021093  1.031477  1.002778  1.003619  1.016732  0.000000  1.026252  1.028976  1.033511  1.017321  1.020114  1.019206  1.015418  1.006286  1.036699  1.014758  1.012403  1.017070  1.005780  1.022820  1.027435  1.035974  1.022374  1.020307  1.011525  1.037322  1.026972  1.011599  1.025450  1.037355  1.033801  1.000970  1.035710
Y11832.1_Dasypus_novemcinctus_complete_mitochondrial_genome 1.011289  1.028877  1.015060  1.011563  1.016258  1.035012  1.012376  1.025775  1.028654  1.027341  1.018999  1.018409  1.025685  1.017589  1.023583  1.018077  1.016896  1.013640  1.020013  1.019336  1.022659  1.013778  1.031937  1.011796  1.011935  1.014454  1.020567  1.025516  1.019374  1.012984  1.020978  1.023324  0.000000  1.030211  1.031794  1.014900  1.012606  1.018471  1.016161  1.002213  1.037453  1.019313  1.017610  1.014523  1.012626  1.017120  1.020447  1.031048  1.004614  1.021939  1.014096  1.032044  1.024386  1.015135  1.030161  1.034892  1.029020  1.010814  1.033339
Z29573.1_Didelphis_virginiana_complete_mitochondrial_genome 1.026283  1.038156  1.042434  1.030455  1.039749  1.035987  1.033105  0.994934  1.048291  0.996492  1.029857  1.030269  1.037744  1.036221  1.031827  1.028561  1.030372  1.032370  1.034523  1.032786  1.029670  1.031627  1.050161  1.039320  1.036362  1.031204  1.029355  1.047029  1.033052  1.031856  1.033835  1.029810  1.032714  0.000000  0.987955  1.034486  1.032586  1.026759  1.045663  1.032625  1.032193  1.038694  1.032691  1.030621  1.036121  1.030938  1.040951  1.038117  1.030690  1.045462  1.037920  1.052022  1.040596  1.030532  1.033965  1.041982  1.045668  1.034877  1.039835
AF358864.1_Isoodon_macrourus_mitochondrion,_complete_genome 1.028805  1.040044  1.037502  1.033462  1.037791  1.037460  1.031658  0.981519  1.045780  0.986515  1.030167  1.027547  1.036347  1.036076  1.030323  1.025397  1.032491  1.028111  1.033027  1.031946  1.033583  1.029610  1.047363  1.042163  1.035693  1.031812  1.029087  1.049103  1.026406  1.029818  1.036227  1.031212  1.031908  0.990599  0.000000  1.033716  1.034193  1.022784  1.027392  1.030866  1.025912  1.035065  1.029729  1.031218  1.030202  1.025922  1.039298  1.033522  1.030785  1.036219  1.032119  1.046157  1.046881  1.026928  1.029361  1.042507  1.040679  1.032564  1.041331
AF217811.1_Tupaia_belangeri_mitochondrion,_complete_sequence 1.012612  1.034151  1.019063  1.004917  1.019810  1.037345  1.011426  1.029969  1.030469  1.027286  1.013332  1.012078  1.020609  1.014650  1.023547  1.013401  1.008250  1.009541  1.015869  1.011124  1.021372  1.004582  1.030499  1.011200  1.005442  1.008014  1.015384  1.032625  1.015291  1.010246  1.022305  1.021358  1.015489  1.033374  1.032503  0.000000  0.629958  1.017265  1.008655  1.001582  1.032027  1.021061  1.011054  1.016130  1.010110  1.021572  1.017441  1.033709  1.011651  1.021045  1.017006  1.032914  1.024157  1.010114  1.017418  1.036436  1.027734  1.004918  1.029947
AJ421453.1_Tupaia_belangeri_complete_mitochondrial_genome 1.016257  1.034840  1.015865  1.005529  1.019757  1.037498  1.009677  1.030043  1.030713  1.026411  1.012077  1.010521  1.020448  1.014048  1.028331  1.012397  1.006557  1.008770  1.012844  1.012411  1.020233  1.003185  1.030716  1.013123  1.006004  1.008627  1.015547  1.029580  1.014359  1.010044  1.019220  1.019722  1.014375  1.032229  1.031900  0.630274  0.000000  1.015475  1.008391  1.001192  1.032560  1.017279  1.009548  1.014210  1.009018  1.017498  1.016947  1.032522  1.011648  1.021131  1.015407  1.034041  1.022366  1.010663  1.018982  1.038488  1.027252  1.006205  1.029531
AJ428514.1_Rattus_norvegicus_complete_mitochondrial_genome,_wild-caught_animal_(Copenhagen,_Denmark) 1.014373  1.031963  1.018461  1.011440  1.021143  1.035752  1.014744  1.025216  1.033924  1.024708  1.018081  1.014154  1.020946  1.018367  1.026451  1.015102  1.012649  1.013232  1.020976  1.014025  1.023309  1.016517  1.032175  1.018319  1.010408  1.016929  0.967798  1.028777  1.015810  1.014475  1.022019  1.019099  1.017174  1.028566  1.026064  1.015678  1.015955  0.000000  1.020360  1.007234  1.034166  1.023150  1.011181  1.013623  1.011168  1.015042  1.023312  1.026732  1.015925  1.021020  1.014491  1.026410  1.026160  1.015299  0.986914  1.041140  1.029590  1.013031  1.031131
AF348080.1_Ochotona_collaris_mitochondrion,_complete_genome 1.015080  1.032495  1.017016  1.008491  1.011375  1.040172  1.013411  1.030546  1.024877  1.029633  1.014077  1.008841  1.024145  1.014890  1.021015  1.013800  0.997024  1.014122  1.016316  1.009385  1.025188  1.008709  1.025343  1.011934  1.006819  1.006333  1.019908  1.020963  1.017720  1.008559  1.022927  1.020467  1.015936  1.044509  1.030251  1.008565  1.009256  1.018618  0.000000  1.006012  1.035280  1.018374  0.997443  1.011125  1.011597  1.018780  1.018503  1.029640  1.019428  1.017025  1.007269  1.026361  1.016844  1.011978  1.014115  1.036639  1.021657  1.006648  1.033568
AJ002189.1_Sus_scrofa_complete_mitochondrial_DNA 1.003302  1.022414  0.990450  0.984442  0.997139  1.033946  0.984710  1.022069  1.020946  1.024019  0.995100  0.987342  1.020818  1.005410  1.011910  1.011350  1.005775  0.994942  0.983119  0.989111  1.016681  0.983480  1.025289  0.987737  0.983125  1.004396  1.012299  1.023420  0.998933  0.993738  1.011907  1.005946  0.998485  1.033463  1.030787  1.001499  1.001632  1.006639  1.007982  0.000000  1.031208  0.996747  1.003986  1.007476  0.977154  1.012353  1.012581  1.022181  1.001423  0.992770  0.988836  1.024920  1.014118  0.997862  1.013607  1.024058  1.024265  0.980360  1.028361
X83427.1_Ornithorhynchus_anatinus_mitochondrial_DNA,_complete_genome 1.032366  1.048137  1.039058  1.038813  1.041832  0.980081  1.033047  1.030371  1.052256  1.030471  1.035991  1.037377  1.041123  1.039294  1.039317  1.030998  1.032998  1.036527  1.035776  1.035436  1.037907  1.034473  1.047613  1.038434  1.038502  1.033352  1.034273  1.042893  1.032609  1.036111  1.040270  1.034431  1.037511  1.034382  1.025248  1.031429  1.032006  1.034113  1.034324  1.031825  0.000000  1.038772  1.033026  1.036657  1.035603  1.034183  1.041858  1.041101  1.037609  1.043422  1.036802  1.048800  1.047104  1.031182  1.042430  1.044088  1.039355  1.038938  1.048435
AJ428577.1_Ursus_maritimus_complete_mitochondrial_genome 1.011977  1.029838  1.007733  0.993949  0.987363  1.044101  1.000485  1.038983  1.035865  1.033051  0.988826  0.985667  1.026964  1.011959  1.034526  1.019473  1.017682  1.002293  1.005025  0.973118  1.027291  0.998974  1.038744  1.003761  0.999827  1.016279  1.025385  1.033164  1.010227  1.005399  1.016510  1.014940  1.020799  1.040695  1.037135  1.019761  1.018694  1.022736  1.018597  0.996257  1.040098  0.000000  1.015334  1.013315  0.998882  1.022992  1.024949  1.029203  1.015556  1.007368  0.983384  1.037219  1.022233  1.010688  1.028065  1.042653  1.029196  0.999694  1.033593
AJ001588.1_Oryctolagus_cuniculus_complete_mitochondrial_genome 1.009240  1.030884  1.015004  1.007016  1.016205  1.035206  1.009499  1.030882  1.028906  1.028488  1.012417  1.008686  1.018218  1.013001  1.027961  1.006064  0.945000  1.011822  1.015916  1.006856  1.019698  1.006187  1.033225  1.014089  1.007357  1.006404  1.018321  1.027385  1.012670  1.009263  1.016726  1.014082  1.016562  1.034024  1.030941  1.010445  1.008751  1.010421  0.997936  1.002629  1.034100  1.014562  0.000000  1.008864  1.007144  1.018106  1.014732  1.028534  1.013245  1.018280  1.013210  1.025587  1.015870  1.011816  1.020723  1.032958  1.024796  1.006859  1.032837
AJ421451.1_Lemur_catta_mitochondrion_complete_mitochondrial_genome 1.009150  1.032005  1.018357  1.008774  1.018036  1.036786  1.006818  1.030531  1.025608  1.028695  1.011089  1.009863  1.016475  1.013407  1.024994  1.006349  1.006426  1.009999  1.017022  1.010069  1.022515  1.006888  1.029405  1.013411  1.010477  1.003568  1.020817  1.024663  1.014440  1.013250  1.021578  1.016229  1.016879  1.032789  1.032120  1.011690  1.010444  1.015003  1.010758  1.005408  1.036050  1.018911  1.009156  0.000000  1.012816  1.017304  1.010195  1.022456  1.015309  1.015624  1.013016  1.025543  1.015317  1.014730  1.021514  1.035330  1.024331  1.007432  1.022620
AF010406.1_Ovis_aries_complete_mitochondrial_genome 1.005639  1.024039  0.992108  0.986979  0.999002  1.032049  0.941306  1.028681  1.026012  1.023313  0.993478  0.994810  1.019081  1.008136  1.011828  1.011991  1.007400  0.993496  0.983615  0.991135  1.014431  0.984194  1.033796  0.988032  0.990801  1.007529  1.014408  1.026501  1.003176  0.991771  1.010033  1.004757  1.012428  1.031270  1.028449  1.009052  1.007294  1.011663  1.011191  0.977324  1.035798  1.001334  1.005961  1.010043  0.000000  1.012581  1.015991  1.023253  1.006644  0.992336  0.997963  1.026517  1.021355  1.001820  1.019369  1.032879  1.022788  0.988937  1.027685
AJ421452.1_Macroscelides_proboscideus_complete_mitochondrial_genome 1.007106  1.027297  1.021343  1.010717  1.019547  1.038346  1.015380  1.032938  1.034594  1.028024  1.021214  1.018603  1.027810  1.013238  1.026591  1.015491  1.018203  1.015426  1.018892  1.013106  1.022767  1.011627  1.034191  1.018631  1.015357  1.016072  1.019365  1.031908  1.020777  1.017771  1.022473  1.022997  1.017898  1.033344  1.025559  1.021467  1.018436  1.016676  1.019399  1.010541  1.033157  1.023064  1.017007  1.016681  1.013295  0.000000  1.021737  1.020771  1.013456  1.024044  1.017939  1.038905  1.026829  1.018174  1.020419  1.036669  1.032527  1.012003  1.040447
AJ309867.1_Nycticebus_coucang_mitochondrial_genome 1.021547  1.037744  1.023586  1.013213  1.019859  1.039032  1.014745  1.036432  1.027578  1.036777  1.018308  1.018891  1.024443  1.017710  1.025827  1.020333  1.013534  1.016329  1.020079  1.016433  1.026955  1.013518  1.035247  1.017453  1.016504  1.010639  1.023093  1.027455  1.024153  1.019130  1.023649  1.027493  1.020331  1.040230  1.039604  1.019962  1.017134  1.023506  1.018837  1.013570  1.041145  1.022250  1.013730  1.008597  1.015535  1.021566  0.000000  1.035446  1.020886  1.023778  1.019208  1.029458  1.021688  1.018790  1.023264  1.039520  1.028444  1.012841  1.032778
AJ400734.2_Echinops_telfairi_complete_mitochondrial_genome 1.012571  1.038674  1.030622  1.025471  1.033555  1.044029  1.027684  1.042277  1.045492  1.042271  1.027365  1.028388  1.031390  1.025279  1.029942  1.026848  1.026324  1.025500  1.029221  1.030846  1.033803  1.027051  1.042676  1.028440  1.028859  1.027239  1.031185  1.039203  1.032997  1.034009  1.032265  1.034687  1.031947  1.039076  1.031298  1.031920  1.032803  1.027649  1.028599  1.022269  1.040977  1.028088  1.028428  1.023082  1.023097  1.021803  1.036639  0.000000  1.031537  1.033691  1.032946  1.044037  1.034653  1.024288  1.033242  1.042827  1.043103  1.031443  1.040407
AJ421450.1_Tamandua_tetradactyla_complete_mitochondrial_genome 1.011015  1.029269  1.015408  1.006521  1.017680  1.036210  1.007803  1.028603  1.034318  1.032266  1.011291  1.010678  1.030674  1.018083  1.025765  1.014600  1.015187  1.009425  1.012814  1.011173  1.025459  1.006820  1.031436  1.009190  1.005480  1.014004  1.014762  1.027840  1.016978  1.008841  1.021405  1.021791  1.006912  1.029855  1.031286  1.012570  1.011172  1.016413  1.017218  1.001432  1.037182  1.017205  1.013332  1.015301  1.007929  1.014113  1.021551  1.028945  0.000000  1.015446  1.010552  1.034030  1.018661  1.013265  1.022551  1.038704  1.029393  1.008497  1.035137
AJ277029.2_Physeter_macrocephalus_mitochondrial_genome 1.013535  1.034848  0.999419  0.997742  1.008126  1.039315  0.995129  1.036314  1.029569  1.034133  1.010618  1.004998  1.025346  1.014739  1.032001  1.025818  1.018624  1.013141  0.954130  1.001846  1.027514  0.997485  1.033172  0.988246  0.999325  1.016012  1.027427  1.027941  1.013642  1.006462  1.022747  1.018654  1.018374  1.050496  1.036556  1.022403  1.020388  1.023289  1.016558  0.991626  1.042234  1.007777  1.015720  1.014718  0.992022  1.023768  1.021912  1.033260  1.016184  0.000000  1.006188  1.027763  1.021956  1.015024  1.025700  1.044535  1.025444  0.995826  1.035939
AJ428578.2_Eumetopias_jubatus_complete_mitochondrial_genome 1.007759  1.027078  1.000945  0.990722  0.951699  1.037872  0.993956  1.028532  1.027999  1.033484  0.985568  0.986640  1.025265  1.010644  1.022533  1.015628  1.011308  1.002332  1.004225  0.955791  1.022953  0.989823  1.032385  0.998138  0.993494  1.011517  1.021290  1.027102  1.011317  0.998658  1.013948  1.011512  1.011705  1.035759  1.033571  1.020471  1.017052  1.015808  1.013730  0.991057  1.037163  0.982306  1.010710  1.011047  0.994906  1.018288  1.019574  1.033020  1.011026  1.005360  0.000000  1.027784  1.018657  1.009664  1.023056  1.032765  1.025411  0.992855  1.029275
X97707.1_Pongo_abelii_mitochondrial_genome 1.031367  1.043864  1.031212  1.023332  1.034000  1.049670  1.026808  1.048923  0.967289  1.043528  1.033665  1.030547  1.039602  1.027195  1.047271  1.033539  1.031062  1.033615  1.030421  1.029365  1.037175  1.022219  0.994655  1.027533  1.020375  1.025351  1.033467  0.951343  1.037881  1.028973  1.043049  1.039308  1.031445  1.049497  1.046341  1.033371  1.033639  1.029114  1.027229  1.023316  1.050324  1.038466  1.023675  1.026490  1.024434  1.034900  1.027896  1.046686  1.033004  1.025689  1.028897  0.000000  1.025196  1.030964  1.031598  1.049159  0.951463  1.022560  1.020145
AJ428849.1_Cynocephalus_variegatus_complete_mitochondrial_genome 1.024559  1.038636  1.021838  1.011266  1.025067  1.044318  1.021267  1.041177  1.022279  1.037103  1.019983  1.017217  1.030150  1.019837  1.038605  1.021401  1.019355  1.020492  1.018542  1.019924  1.026893  1.008572  1.026513  1.019624  1.012800  1.015802  1.028764  1.022481  1.024547  1.019999  1.026838  1.027239  1.029453  1.038328  1.044940  1.020637  1.022056  1.025837  1.017683  1.013884  1.047461  1.023607  1.015416  1.015195  1.018467  1.025656  1.021463  1.035401  1.019820  1.021402  1.020151  1.025103  0.000000  1.025122  1.030598  1.038786  1.022811  1.013102  1.035867
AF348081.1_Soriculus_fumidus_mitochondrion,_complete_genome 1.012289  1.031233  1.010501  1.000903  1.011388  1.037909  1.002203  1.032001  1.031947  1.028355  1.002358  1.001072  1.022059  1.016625  1.016646  1.012722  1.011028  0.994904  1.009295  1.005593  1.022177  1.001580  1.033999  1.012276  1.002246  1.010550  1.014550  1.032941  1.009129  1.003072  1.015538  1.013793  1.016981  1.033261  1.023584  1.012074  1.012231  1.014996  1.007544  0.997005  1.032502  1.011204  1.011429  1.015301  1.001186  1.017265  1.017986  1.023771  1.013325  1.015278  1.007906  1.033147  1.024300  0.000000  1.018343  1.027733  1.025344  1.001767  1.031720
AF348082.1_Microtus_kikuchii_mitochondrion,_complete_genome 1.019790  1.040733  1.029128  1.014280  1.026369  1.037814  1.018905  1.024576  1.029759  1.028164  1.021394  1.018920  1.025304  1.024098  1.029676  1.018369  1.019873  1.016601  1.021693  1.017570  1.026696  1.015559  1.033601  1.021065  1.018165  1.020923  0.992572  1.032995  1.022621  1.016120  1.029869  1.024377  1.028845  1.032574  1.032782  1.018032  1.019598  0.988955  1.011844  1.015343  1.041255  1.024931  1.023309  1.021347  1.018281  1.021620  1.020699  1.033564  1.021529  1.024093  1.021022  1.032710  1.028285  1.017192  0.000000  1.045600  1.026268  1.017513  1.037327
X88898.2_Erinaceus_europaeus_complete_mitochondrial_DNA_sequence 1.030183  1.045902  1.036779  1.037504  1.041083  1.049138  1.032189  1.052289  1.053914  1.042283  1.037068  1.034149  1.039061  1.040617  1.026439  1.032777  1.030165  1.036151  1.040146  1.031336  1.038254  1.035979  1.051568  1.036035  1.037889  1.034603  1.035964  1.044224  1.033219  1.034511  1.037229  1.035412  1.036532  1.038625  1.040604  1.039612  1.039626  1.040382  1.036325  1.030462  1.043050  1.039837  1.033243  1.035497  1.031239  1.035262  1.042064  1.041004  1.041500  1.046073  1.034213  1.048308  1.042379  1.027549  1.043421  0.000000  1.039044  1.031904  1.045088
X93347.1_Gorilla_gorilla_gorilla_mitochondrial_DNA._complete_genome 1.028304  1.047820  1.030075  1.018339  1.033843  1.042323  1.024151  1.038045  0.960407  1.036551  1.027676  1.027188  1.034146  1.028706  1.048095  1.024872  1.027560  1.026984  1.028937  1.022623  1.036689  1.015597  0.993465  1.023378  1.019530  1.020749  1.029467  0.909593  1.030387  1.020638  1.033397  1.033952  1.025634  1.046916  1.043900  1.028283  1.026847  1.029002  1.019257  1.020941  1.041667  1.027683  1.025542  1.024504  1.023127  1.033795  1.027489  1.043097  1.027533  1.026443  1.022214  0.951132  1.023903  1.029463  1.025225  1.037599  0.000000  1.014618  1.021433
Y07726.1_Ceratotherium_simum_complete_mitochondrial_DNA_sequence 1.003956  1.021899  0.995526  0.963466  0.993310  1.039536  0.986230  1.029446  1.015772  1.027126  0.992343  0.985441  1.023316  1.005649  1.023114  1.013389  1.006854  0.995160  0.989307  0.987342  1.019510  0.924222  1.024181  0.989314  0.961532  1.007506  1.016464  1.017336  1.000591  0.990620  1.009942  1.002221  1.010901  1.035131  1.032326  1.005014  1.006563  1.011821  1.006860  0.978381  1.042872  1.001028  1.005376  1.008973  0.985483  1.013719  1.014398  1.026845  1.008782  0.995192  0.991912  1.021118  1.009533  1.001214  1.017900  1.030952  1.015744  0.000000  1.025262
AJ309866.1_Cebus_albifrons_mitochondrial_genome 1.031061  1.038805  1.035398  1.026754  1.035365  1.045960  1.025342  1.039767  1.017511  1.039728  1.034738  1.029642  1.039226  1.034063  1.044250  1.032607  1.032226  1.033693  1.033374  1.027914  1.039270  1.024851  1.026142  1.030912  1.026707  1.024979  1.037276  1.016880  1.031125  1.028053  1.032266  1.036058  1.035569  1.043879  1.041934  1.029836  1.030887  1.031625  1.033054  1.029341  1.048683  1.033414  1.032703  1.023308  1.026618  1.038818  1.027524  1.043658  1.031946  1.032292  1.029770  1.018839  1.035068  1.033576  1.035718  1.046025  1.020524  1.025801  0.000000
